-2 0.0
-1 0.5
0 0.75
1 1.5
2 3.9375
3 13.5
4 59.34375
5 324.0
6 2122.98046875
7 16213.5
8 141115.447265625
9 1376311.5
10 1.4850124677246094e7
11 1.75490226e8
12 2.2530628205925293e9
13 3.1217145174e10
14 4.641652455250599e11
15 7.3709524476135e12
16 1.244902947775221e14
17 2.2280288427805365e15
18 4.211869282476113e16
19 8.385809834576763e17
20 1.753906248830001e19
21 3.844527685924405e20
22 8.813173625065073e21
23 2.108787179497315e23
24 5.257426543228264e24
25 1.3634668601101113e26
26 3.672759000967803e27
27 1.026149976774513e29
28 2.9698682339547425e30
29 8.892985709906794e31
30 2.7520294973343126e33
31 8.792171127499383e34
32 2.8969949216563493e36
33 9.835689275171175e37
34 3.4378574737789093e39
35 1.236058629426517e41
36 4.567939482322638e42
37 1.7338511244213375e44
38 6.754766512949932e45
39 2.6991579875990276e47
40 1.1055855646065139e49
41 4.6391929294804525e50
42 1.9931077549474163e52
43 8.762360334897666e53
44 3.939923784140039e55
45 1.8109868042029124e57
46 8.505448122642691e58
47 4.079772918792906e60
48 1.9977552168675427e62
49 9.982385816870958e63
50 5.0878905001062135e65
51 2.64414230255672e67
52 1.4006005947649938e69
53 7.559115906177179e70
54 4.155329220209261e72
55 2.325806244928556e74
56 1.325062401727054e76
57 7.68174219462414e77
58 4.530167032028128e79
59 2.7169062522377114e81
60 1.6566091318086857e83
61 1.026675891501301e85
62 6.465487903219557e86
63 4.13632027398037e88
64 2.687606170749095e90
65 1.7731793713979889e92
66 1.1876140899083735e94
67 8.073031968822819e95
68 5.568555205381533e97
69 3.896740586226788e99
70 2.7658253272331398e101
71 1.9907923487387586e103
72 1.4528513887001202e105
73 1.0748027883627122e107
74 8.058779621378005e108
75 6.123015075072315e110
76 4.71347934534511e112
77 3.675570372574212e114
78 2.902974537871483e116
79 2.3218136489778425e118
80 1.880222194028586e120
81 1.5414249151708732e122
82 1.2790934416855626e124
83 1.074201445461475e126
84 9.128745856442703e127
85 7.849070493970012e129
86 6.82728874053181e131
87 6.00680846242493e133
88 5.345011141516613e135
89 4.8095878801023935e137
90 4.3759046387960174e139
91 4.025094302011284e141
92 3.742666448407583e143
93 3.517489175696497e145
94 3.341040883396635e147
95 3.206860067285681e149
96 3.110142250511319e151
97 3.047448065752559e153
98 3.0164971701007433e155
99 3.016030460459487e157
100 3.045728894141079e159

