0	0.75	0.0	0.6666666666666666
1	1.5	1.5	0.5
2	3.9375	1.984313483298443	0.38095238095238093
3	13.5	2.381101577952299	0.2916666666666667
4	59.34375	2.7755160725647583	0.2274881516587678
5	324.0	3.177671523146437	0.18315972222222224
6	2122.98046875	3.5850151869981546	0.15261562919171345
7	16213.5	3.994026738532445	0.13093906119900084
8	141115.447265625	4.4024742004211	0.1148952883200727
9	1376311.5	4.809275292142954	0.10253161967012918
10	1.4850124677246094e7	5.2140238091799045	9.26801309694615e-2
11	1.75490226e8	5.616652296994202	8.462080775510594e-2
12	2.2530628205925293e9	6.017246113487979	7.788962846311055e-2
13	3.1217145174e10	6.415950640569956	7.217389059871658e-2
14	4.641652455250599e11	6.8129273608081204	6.725437863984716e-2
15	7.3709524476135e12	7.208334094815542	6.297222086615727e-2
16	1.244902947775221e14	7.602316889383488	5.920905288871077e-2
17	2.2280288427805365e15	7.995007419186626	5.5874633392160505e-2
18	4.211869282476113e16	8.386522915861581	5.2898812697024206e-2
19	8.385809834576763e17	8.77696717605182	5.022614828575693e-2
20	1.753906248830001e19	9.166431952310663	4.781218973460403e-2
21	3.844527685924405e20	9.554998400786644	4.562085104111507e-2
22	8.813173625065072e21	9.942738441915603	4.3622511588678914e-2
23	2.108787179497315e23	10.329715979485613	4.179261762756887e-2
24	5.257426543228264e24	10.715987966015192	4.011063515882122e-2
25	1.3634668601101113e26	11.101605321651068	3.855925433203183e-2
26	3.6727590009678037e27	11.486613721483565	3.712377696850858e-2
27	1.026149976774513e29	11.871054268250601	3.579163946884597e-2
28	2.969868233954742e30	12.254964066877376	3.455203719284438e-2
29	8.892985709906794e31	12.638376715698687	3.339562584303162e-2
30	2.7520294973343126e33	13.021322727282733	3.231428194545433e-2
31	8.792171127499381e34	13.403829889870693	3.13009091545859e-2
32	2.8969949216563493e36	13.785923578715979	3.034928042770776e-2
33	9.835689275171175e37	14.167627025100408	2.9453908522399225e-2
34	3.4378574737789093e39	14.548961549523613	2.8609939039618587e-2
35	1.236058629426517e41	14.929946764487822	2.781306154849581e-2
36	4.567939482322638e42	15.310600751406298	2.7059435314541958e-2
37	1.7338511244213373e44	15.690940215422973	2.6345626899467282e-2
38	6.754766512949932e45	16.070980621317815	2.5668557471191292e-2
39	2.6991579875990276e47	16.450736313165702	2.5025458102059733e-2
40	1.1055855646065139e49	16.83022061999637	2.4413831674436504e-2
41	4.6391929294804525e50	17.209445949355143	2.383142027961164e-2
42	1.993107754947416e52	17.58842387037444	2.3276177205997815e-2
43	8.762360334897665e53	17.967165187725016	2.2746242779009083e-2
44	3.9399237841400385e55	18.345680007614085	2.2239923447682153e-2
45	1.810986804202912e57	18.72397779682904	2.1755673619467134e-2
46	8.505448122642689e58	19.102067435683118	2.1292079830359703e-2
47	4.0797729187929054e60	19.479957265600003	2.084784690702644e-2
48	1.9977552168675423e62	19.857655131973203	2.042178583415211e-2
49	9.982385816870956e63	20.23516842285031	2.001280308652458e-2
50	5.087890500106213e65	20.612504103919395	1.9619891223410898e-2
51	2.6441423025567197e67	20.98966875021262	1.9242120574170848e-2
52	1.4006005947649936e69	21.36666857488913	1.8878631870068423e-2
53	7.559115906177179e70	21.74350945541356	1.8528629698883792e-2
54	4.1553292202092615e72	22.12019695740763	1.8191376677000107e-2
55	2.325806244928556e74	22.49673635641816	1.786618824878469e-2
56	1.325062401727054e76	22.873132657816175	1.7552428035820477e-2
57	7.68174219462414e77	23.249390615016093	1.724950366928954e-2
58	4.530167032028128e79	23.625514746182326	1.6956863047906362e-2
59	2.7169062522377118e81	24.00150934957147	1.6673990971521266e-2
60	1.656609131808686e83	24.377378517641624	1.640040610709053e-2
61	1.0266758915013012e85	24.75312615004583	1.613565824932577e-2
62	6.465487903219558e86	25.128755965613927	1.5879325843144134e-2
63	4.1363202739803705e88	25.504271513415922	1.563101373917024e-2
64	2.6876061707490955e90	25.879676182990075	1.539035115709489e-2
65	1.773179371397989e92	26.254973213810317	1.5156989834763105e-2
66	1.1876140899083738e94	26.63016570405998	1.49306023435171e-2
67	8.073031968822822e95	27.00525661877196	1.4710880552620272e-2
68	5.568555205381534e97	27.380248797389477	1.4497534227587299e-2
69	3.8967405862267887e99	27.755144960796255	1.429028974898625e-2
70	2.7658253272331404e101	28.12994771786032	1.4088888939797895e-2
71	1.9907923487387593e103	28.50465957153122	1.3893087990745963e-2
72	1.4528513887001207e105	28.879282924526745	1.37026564741762e-2
73	1.0748027883627125e107	29.253820084642097	1.3517376438084086e-2
74	8.058779621378007e108	29.628273269710995	1.333704157278999e-2
75	6.123015075072317e110	30.002644612245945	1.316145644355257e-2
76	4.713479345345112e112	30.37693616378228	1.2990435783110453e-2
77	3.675570372574213e114	30.751149898948402	1.2823803838760379e-2
78	2.902974537871484e116	31.12528771928253	1.266139376912762e-2
79	2.3218136489778434e118	31.499351456815106	1.2503047086270213e-2
80	1.880222194028587e120	31.873342877433476	1.23486131391902e-2
81	1.541424915170874e122	32.247263684044874	1.2197948635209104e-2
82	1.2790934416855633e124	32.62111551955206	1.205091719600732e-2
83	1.0742014454614755e126	32.99489996965451	1.1907388945432543e-2
84	9.128745856442706e127	33.36861856548769	1.1767240126455561e-2
85	7.849070493970016e129	33.74227278611135	1.1630352744896088e-2
86	6.827288740531813e131	34.11586406085699	1.1496614237760524e-2
87	6.006808462424933e133	34.48939377154427	1.1365917164230094e-2
88	5.3450111415166154e135	34.86286325457476	1.1238158917514505e-2
89	4.809587880102396e137	35.2362738029113	1.1113241455945328e-2
90	4.3759046387960195e139	35.60962666795037	1.0991071051826439e-2
91	4.0250943020112855e141	35.98292306129426	1.0871558056688109e-2
92	3.742666448407585e143	36.35616415642948	1.075461668170795e-2
93	3.517489175696499e145	36.729351090317444	1.0640164792167409e-2
94	3.3410408833966365e147	37.10248496490251	1.0528123714907906e-2
95	3.206860067285682e149	37.47556684854304	1.0418418057837261e-2
96	3.11014225051132e151	37.84859777736952	1.031097554061542e-2
97	3.04744806575256e153	38.221578756574814	1.0205726835719768e-2
98	3.0164971701007443e155	38.59451076163997	1.0102605419155032e-2
99	3.0160304604594885e157	38.967394739500016	1.0001547430131673e-2
100	3.04572889414108e159	39.340231609652584	9.902491539090294e-3
101	3.1061817691755113e161	39.71302226521348	9.805378823498544e-3
102	3.198901068656552e163	40.08576757392141	9.710152650891512e-3
103	3.3263818009104856e165	40.45846837909541	9.616758568667493e-3
104	3.492211488876768e167	40.83112550054734	9.525144200188117e-3
105	3.701235371021833e169	41.20373973545189	9.435259146766023e-3
106	3.959787775442054e171	41.576311859176776	9.347054895154432e-3
107	4.276004864557909e173	41.948842626075006	9.260484730181548e-3
108	4.6602399461016075e175	42.32133277024127	9.175503652199025e-3
109	5.125610359300546e177	42.693783006234646	9.092068299037767e-3
110	5.688715312552969e179	43.066194029769086	9.0101368721865e-3
111	6.370577979895336e181	43.43856651837386	8.929669066928885e-3
112	7.197884054119098e183	43.8109011320248	8.85062600619369e-3
113	8.204614752093523e185	44.18319851374869	8.772970177889774e-3
114	9.434207708157383e187	44.555459290201505	8.696665375513538e-3
115	1.094242813791454e190	44.927684072222306	8.62167664183116e-3
116	1.280120059161508e192	45.29987345536365	8.547970215451468e-3
117	1.510374636491897e194	45.67202802040011	8.475513480117788e-3
118	1.7971504400885928e196	46.04414833381545	8.404274916558692e-3
119	2.156350042729469e198	46.41623494827016	8.334224056748189e-3
120	2.6089093441312076e200	46.78828840304969	8.265331440435907e-3
121	3.1825404333476568e202	47.160309224494725	8.197568573816807e-3
122	3.9141267818028073e204	47.532297926414216	8.130907890218649e-3
123	4.853031826789519e206	47.90425501048205	8.065322712693116e-3
124	6.065692905350903e208	48.27618096661799	8.000787218403976e-3
125	7.642033105650396e210	48.648076273353986	7.937276404712285e-3
126	9.704457313989944e212	49.01994139818582	7.874766056865068e-3
127	1.2420540466722554e215	49.391776797911824	7.813232717199695e-3
128	1.6021018116112812e217	49.763582918958114	7.752653655781619e-3
129	2.082543073771443e219	50.1353601976919	7.693006842398259e-3
130	2.7278873066454437e221	50.507109060722854	7.6342709198365015e-3
131	3.6004939564786737e223	50.878829925193166	7.576425178375664e-3
132	4.788241401751948e225	51.250523199057156	7.519449531431948e-3
133	6.415695052112226e227	51.622189281350174	7.4633244922941355e-3
134	8.660459062016745e229	51.99382856244816	7.408031151893945e-3
135	1.1777247314198442e232	52.36544142431742	7.353551157557716e-3
136	1.6133510117374077e234	52.737028240755635	7.299866692689272e-3
137	2.2262450874891726e236	53.108589377624305	7.2469604573366835e-3
138	3.0942350657913554e238	53.4801251930728	7.194815649598382e-3
139	4.331590220128181e240	53.85163603775459	7.143415947826639e-3
140	6.107071266047194e242	54.223122255035996	7.092745493588789e-3
141	8.671381996730267e244	54.5945841811977	7.042788875348816e-3
142	1.2399146949982336e247	54.96602214562918	6.993531112834034e-3
143	1.7853452229718877e249	55.337436471016595	6.9449576420535074e-3
144	2.5885619353894333e251	55.70882747352435	6.897054300936762e-3
145	3.779028834151483e253	56.080195462970465	6.849807315562996e-3
146	5.554778645816718e255	56.45154074299596	6.803203286952676e-3
147	8.220497631747038e257	56.8228636112289	6.757229178394891e-3
148	1.2247696708596972e260	57.194164359442695	6.7118723032852864e-3
149	1.8370295019106798e262	57.56544327370936	6.667120313450731e-3
150	2.773728321489053e264	57.93670063454794	6.622961187938139e-3
151	4.215787753646242e266	58.30793671706766	6.579383222246069e-3
152	6.449733594003382e268	58.67915179110705	6.536375017978814e-3
153	9.93194889734291e270	59.05034612136817	6.493925472903789e-3
154	1.5393540459937125e273	59.42151996754672	6.452023771393965e-3
155	2.401241363625784e275	59.792673584458136	6.410659375238088e-3
156	3.769715006236832e277	60.16380722215964	6.369822014802268e-3
157	5.955784825580072e279	60.534921126068504	6.329501680527345e-3
158	9.469125087712123e281	60.9060155370765	6.289688614747273e-3
159	1.514969527009428e284	61.277090691661265	6.250373303814443e-3
160	2.4389570845196326e286	61.648146821993656	6.211546470518609e-3
161	3.9508803428060566e288	62.01918415604233	6.173199066786715e-3
162	6.439564494078824e290	62.39020291767504	6.1353222666515545e-3
163	1.0560285699432846e293	62.761203326756664	6.097907459477796e-3
164	1.7423493420474353e295	63.13218559924457	6.060946243434426e-3
165	2.892139539853581e297	63.503149947281074	6.024430419203233e-3
166	4.829608459260184e299	63.8740965792832	5.988351983913431e-3
167	8.113303078628632e301	64.24502570002964	5.952703125292983e-3
168	1.3710748945054494e304	64.61593751074541	5.9174762160276615e-3
169	2.3307041489715447e306	64.98683220918402	5.882663808319279e-3
170	Infinity	Infinity	5.848258628634929e-3
171	Infinity	Infinity	5.8142535726394655e-3
172	Infinity	Infinity	5.780641700303809e-3
173	Infinity	Infinity	5.747416231181986e-3
174	Infinity	Infinity	5.714570539850164e-3
175	Infinity	Infinity	5.682098151501233e-3
176	Infinity	Infinity	5.649992737688772e-3
177	Infinity	Infinity	5.618248112214541e-3
178	Infinity	Infinity	5.586858227153854e-3
179	Infinity	Infinity	5.555817169013505e-3
180	Infinity	Infinity	5.525119155017086e-3
181	Infinity	Infinity	5.494758529512821e-3
182	Infinity	Infinity	5.464729760499202e-3
183	Infinity	Infinity	5.4350274362639705e-3
184	Infinity	Infinity	5.405646262132141e-3
185	Infinity	Infinity	5.376581057318947e-3
186	Infinity	Infinity	5.347826751883816e-3
187	Infinity	Infinity	5.319378383781571e-3
188	Infinity	Infinity	5.291231096007287e-3
189	Infinity	Infinity	5.26338013383133e-3
190	Infinity	Infinity	5.2358208421212915e-3
191	Infinity	Infinity	5.20854866274762e-3
192	Infinity	Infinity	5.1815591320699544e-3
193	Infinity	Infinity	5.154847878501201e-3
194	Infinity	Infinity	5.128410620146602e-3
195	Infinity	Infinity	5.102243162515087e-3
196	Infinity	Infinity	5.076341396300355e-3
197	Infinity	Infinity	5.050701295229217e-3
198	Infinity	Infinity	5.025318913974829e-3
199	Infinity	Infinity	5.000190386132543e-3
200	Infinity	Infinity	4.975311922256205e-3
201	Infinity	Infinity	4.950679807952789e-3
202	Infinity	Infinity	4.926290402033369e-3
203	Infinity	Infinity	4.9021401347184865e-3
204	Infinity	Infinity	4.878225505896052e-3
205	Infinity	Infinity	4.854543083430016e-3
206	Infinity	Infinity	4.831089501518059e-3
207	Infinity	Infinity	4.807861459096682e-3
208	Infinity	Infinity	4.7848557182920875e-3
209	Infinity	Infinity	4.762069102915339e-3
210	Infinity	Infinity	4.739498497000315e-3
211	Infinity	Infinity	4.717140843383059e-3
212	Infinity	Infinity	4.694993142321154e-3
213	Infinity	Infinity	4.673052450151821e-3
214	Infinity	Infinity	4.651315877987464e-3
215	Infinity	Infinity	4.629780590447472e-3
216	Infinity	Infinity	4.608443804425085e-3
217	Infinity	Infinity	4.587302787888211e-3
218	Infinity	Infinity	4.566354858713109e-3
219	Infinity	Infinity	4.545597383549877e-3
220	Infinity	Infinity	4.525027776718761e-3
221	Infinity	Infinity	4.504643499136294e-3
222	Infinity	Infinity	4.4844420572703325e-3
223	Infinity	Infinity	4.464421002123095e-3
224	Infinity	Infinity	4.444577928241321e-3
225	Infinity	Infinity	4.424910472752719e-3
226	Infinity	Infinity	4.405416314427882e-3
227	Infinity	Infinity	4.386093172766902e-3
228	Infinity	Infinity	4.366938807109917e-3
229	Infinity	Infinity	4.347951015770866e-3
230	Infinity	Infinity	4.329127635193748e-3
231	Infinity	Infinity	4.310466539130713e-3
232	Infinity	Infinity	4.291965637841311e-3
233	Infinity	Infinity	4.273622877312287e-3
234	Infinity	Infinity	4.2554362384973e-3
235	Infinity	Infinity	4.237403736575962e-3
236	Infinity	Infinity	4.2195234202316596e-3
237	Infinity	Infinity	4.201793370947569e-3
238	Infinity	Infinity	4.184211702320356e-3
239	Infinity	Infinity	4.1667765593910305e-3
240	Infinity	Infinity	4.149486117992474e-3
241	Infinity	Infinity	4.132338584113134e-3
242	Infinity	Infinity	4.115332193276443e-3
243	Infinity	Infinity	4.098465209935496e-3
244	Infinity	Infinity	4.081735926882555e-3
245	Infinity	Infinity	4.06514266467296e-3
246	Infinity	Infinity	4.048683771063034e-3
247	Infinity	Infinity	4.032357620461596e-3
248	Infinity	Infinity	4.016162613394681e-3
249	Infinity	Infinity	4.000097175983124e-3
250	Infinity	Infinity	3.984159759432621e-3
251	Infinity	Infinity	3.9683488395359425e-3
252	Infinity	Infinity	3.95266291618695e-3
253	Infinity	Infinity	3.9371005129060915e-3
254	Infinity	Infinity	3.921660176377076e-3
255	Infinity	Infinity	3.906340475994391e-3
256	Infinity	Infinity	3.891140003421402e-3
257	Infinity	Infinity	3.8760573721587214e-3
258	Infinity	Infinity	3.861091217122579e-3
259	Infinity	Infinity	3.8462401942329287e-3
260	Infinity	Infinity	3.831502980011018e-3
261	Infinity	Infinity	3.8168782711861847e-3
262	Infinity	Infinity	3.8023647843116143e-3
263	Infinity	Infinity	3.7879612553888423e-3
264	Infinity	Infinity	3.7736664395007515e-3
265	Infinity	Infinity	3.7594791104528535e-3
266	Infinity	Infinity	3.745398060422631e-3
267	Infinity	Infinity	3.731422099616731e-3
268	Infinity	Infinity	3.7175500559358085e-3
269	Infinity	Infinity	3.703780774646816e-3
270	Infinity	Infinity	3.690113118062549e-3
271	Infinity	Infinity	3.6765459652282665e-3
272	Infinity	Infinity	3.6630782116151956e-3
273	Infinity	Infinity	3.6497087688207477e-3
274	Infinity	Infinity	3.6364365642752826e-3
275	Infinity	Infinity	3.6232605409552403e-3
276	Infinity	Infinity	3.6101796571024938e-3
277	Infinity	Infinity	3.5971928859497558e-3
278	Infinity	Infinity	3.5842992154518946e-3
279	Infinity	Infinity	3.571497648023005e-3
280	Infinity	Infinity	3.558787200279097e-3
281	Infinity	Infinity	3.54616690278626e-3
282	Infinity	Infinity	3.5336357998141644e-3
283	Infinity	Infinity	3.5211929490947726e-3
284	Infinity	Infinity	3.508837421586132e-3
285	Infinity	Infinity	3.496568301241124e-3
286	Infinity	Infinity	3.4843846847810453e-3
287	Infinity	Infinity	3.4722856814739106e-3
288	Infinity	Infinity	3.460270412917356e-3
289	Infinity	Infinity	3.448338012826034e-3
290	Infinity	Infinity	3.436487626823398e-3
291	Infinity	Infinity	3.4247184122377585e-3
292	Infinity	Infinity	3.4130295379025204e-3
293	Infinity	Infinity	3.401420183960498e-3
294	Infinity	Infinity	3.389889541672208e-3
295	Infinity	Infinity	3.3784368132280507e-3
296	Infinity	Infinity	3.3670612115642862e-3
297	Infinity	Infinity	3.355761960182715e-3
298	Infinity	Infinity	3.344538292973978e-3
299	Infinity	Infinity	3.3333894540443923e-3
