0	7.5e-4	0.0	666.6666666666666
1	1.5e-6	1.5e-6	500.0
2	3.9375e-9	6.274950199005566e-5	380.95238095238096
3	1.35e-11	2.3811015779523004e-4	291.66666666666663
4	5.934375e-14	4.935643084074007e-4	227.48815165876778
5	3.24e-16	7.981949982785912e-4	183.15972222222223
6	2.12298046875e-18	1.1336813437208635e-3	152.61562919171345
7	1.62135e-20	1.4888108989323508e-3	130.93906119900083
8	1.41115447265625e-22	1.8565079767521213e-3	114.89528832007271
9	1.3763115e-24	2.2322678493780575e-3	102.53161967012919
10	1.4850124677246093e-26	2.6132021689896077e-3	92.68013096946149
11	1.75490226e-28	2.99743839953221e-3	84.62080775510594
12	2.2530628205925293e-30	3.3837461534553088e-3	77.88962846311054
13	3.1217145174e-32	3.7713060984192704e-3	72.17389059871658
14	4.641652455250598e-34	4.159566235514694e-3	67.25437863984716
15	7.3709524476135e-36	4.548151338590852e-3	62.97222086615727
16	1.244902947775221e-37	4.936804945387237e-3	59.20905288871077
17	2.2280288427805363e-39	5.3253515513080945e-3	55.874633392160504
18	4.211869282476113e-41	5.713671549549346e-3	52.89881269702421
19	8.385809834576762e-43	6.101684353078134e-3	50.226148285756935
20	1.753906248830001e-44	6.489336858482395e-3	47.81218973460403
21	3.844527685924405e-46	6.87659545459507e-3	45.62085104111507
22	8.813173625065073e-48	7.263440419588196e-3	43.62251158867892
23	2.108787179497315e-49	7.6498619504695295e-3	41.79261762756887
24	5.257426543228264e-51	8.035857322991077e-3	40.11063515882122
25	1.3634668601101114e-52	8.421428843829147e-3	38.55925433203183
26	3.672759000967804e-54	8.80658236416556e-3	37.12377696850858
27	1.026149976774513e-55	9.191326195043226e-3	35.79163946884597
28	2.969868233954742e-57	9.575670312832397e-3	34.55203719284438
29	8.892985709906793e-59	9.959625775849194e-3	33.39562584303162
30	2.7520294973343123e-60	1.0343204295737662e-2	32.31428194545433
31	8.792171127499382e-62	1.0726417922977342e-2	31.300909154585902
32	2.896994921656349e-63	1.110927881698508e-2	30.34928042770776
33	9.835689275171175e-65	1.1491799079188115e-2	29.453908522399225
34	3.437857473778909e-66	1.1873990633127239e-2	28.609939039618585
35	1.2360586294265171e-67	1.2255865139764947e-2	27.81306154849581
36	4.567939482322638e-69	1.2637433939178431e-2	27.059435314541957
37	1.7338511244213375e-70	1.301870801202647e-2	26.345626899467284
38	6.754766512949933e-72	1.3399697955814409e-2	25.668557471191292
39	2.6991579875990276e-73	1.3780413972198402e-2	25.025458102059734
40	1.1055855646065139e-74	1.4160865862481725e-2	24.413831674436505
41	4.639192929480452e-76	1.454106302914101e-2	23.831420279611642
42	1.993107754947416e-77	1.492101448173868e-2	23.276177205997815
43	8.762360334897665e-79	1.5300728845970911e-2	22.74624277900908
44	3.939923784140038e-80	1.5680214374899828e-2	22.239923447682155
45	1.810986804202912e-81	1.605947896164723e-2	21.755673619467135
46	8.50544812264269e-83	1.643853015300246e-2	21.292079830359704
47	4.079772918792905e-84	1.681737516353137e-2	20.847846907026437
48	1.9977552168675423e-85	1.719602088987671e-2	20.42178583415211
49	9.982385816870956e-87	1.7574473925019724e-2	20.012803086524578
50	5.087890500106213e-88	1.795274057233408e-2	19.619891223410896
51	2.6441423025567197e-89	1.8330826859310277e-2	19.242120574170848
52	1.4006005947649937e-90	1.870873855086478e-2	18.87863187006842
53	7.55911590617718e-92	1.908648116217622e-2	18.528629698883794
54	4.155329220209261e-93	1.946405997101175e-2	18.191376677000108
55	2.3258062449285562e-94	1.984148002952332e-2	17.866188248784688
56	1.3250624017270541e-95	2.0218746175505332e-2	17.55242803582048
57	7.68174219462414e-97	2.059586304311461e-2	17.249503669289542
58	4.5301670320281284e-98	2.097283507306024e-2	16.956863047906364
59	2.7169062522377116e-99	2.1349666522275747e-2	16.673990971521263
60	1.656609131808686e-100	2.1726361473089515e-2	16.400406107090532
61	1.0266758915013013e-101	2.210292384191181e-2	16.13565824932577
62	6.465487903219558e-103	2.2479357387458244e-2	15.879325843144136
63	4.136320273980371e-104	2.2855665718530177e-2	15.63101373917024
64	2.6876061707490955e-105	2.3231852301373413e-2	15.390351157094889
65	1.7731793713979892e-106	2.3607920466635977e-2	15.156989834763104
66	1.1876140899083739e-107	2.3983873415945822e-2	14.930602343517098
67	8.073031968822821e-109	2.435971422812873e-2	14.71088055262027
68	5.568555205381534e-110	2.4735445865086098e-2	14.497534227587298
69	3.896740586226789e-111	2.511107117735146e-2	14.290289748986249
70	2.7658253272331405e-112	2.5486592909343898e-2	14.088888939797894
71	1.9907923487387593e-113	2.5862013704335617e-2	13.893087990745963
72	1.4528513887001208e-114	2.6237336109150203e-2	13.7026564741762
73	1.0748027883627126e-115	2.661256257860701e-2	13.517376438084087
74	8.058779621378007e-117	2.6987695479726664e-2	13.337041572789989
75	6.123015075072317e-118	2.7362737095711475e-2	13.16145644355257
76	4.7134793453451116e-119	2.773768962971389e-2	12.990435783110454
77	3.675570372574214e-120	2.811255520840551e-2	12.82380383876038
78	2.902974537871484e-121	2.8487335885358362e-2	12.661393769127619
79	2.3218136489778435e-122	2.8862033644249108e-2	12.503047086270215
80	1.880222194028587e-123	2.923665040189695e-2	12.348613139190201
81	1.5414249151708738e-124	2.961118801114455e-2	12.197948635209105
82	1.2790934416855633e-125	2.998564826359115e-2	12.050917196007317
83	1.0742014454614756e-126	3.0360032892186674e-2	11.907388945432544
84	9.128745856442706e-128	3.073434357369441e-2	11.767240126455562
85	7.849070493970016e-129	3.1108581931030097e-2	11.630352744896086
86	6.827288740531813e-130	3.148274953548446e-2	11.496614237760525
87	6.006808462424934e-131	3.1856847908835605e-2	11.365917164230094
88	5.345011141516616e-132	3.2230878525357685e-2	11.238158917514504
89	4.809587880102396e-133	3.260484281373165e-2	11.113241455945328
90	4.3759046387960196e-134	3.297874215886336e-2	10.99107105182644
91	4.025094302011286e-135	3.335257790361452e-2	10.871558056688109
92	3.7426664484075846e-136	3.372635135045097e-2	10.754616681707951
93	3.5174891756964987e-137	3.410006376301291e-2	10.64016479216741
94	3.341040883396636e-138	3.447371636761164e-2	10.528123714907906
95	3.206860067285682e-139	3.484731035465614e-2	10.418418057837261
96	3.11014225051132e-140	3.522084688001404e-2	10.31097554061542
97	3.04744806575256e-141	3.559432706630988e-2	10.205726835719767
98	3.0164971701007443e-142	3.596775200416433e-2	10.102605419155033
99	3.0160304604594883e-143	3.634112275337727e-2	10.001547430131673
100	3.04572889414108e-144	3.6714440344058005e-2	9.902491539090295
101	3.1061817691755115e-145	3.708770577770485e-2	9.805378823498543
102	3.1989010686565524e-146	3.746092002823729e-2	9.710152650891512
103	3.326381800910486e-147	3.783408404298268e-2	9.616758568667494
104	3.4922114888767685e-148	3.8207198743620045e-2	9.525144200188116
105	3.7012353710218326e-149	3.858026502708324e-2	9.435259146766024
106	3.9597877754420533e-150	3.895328376642513e-2	9.347054895154432
107	4.276004864557909e-151	3.932625581164514e-2	9.260484730181549
108	4.660239946101608e-152	3.969918199048188e-2	9.175503652199026
109	5.125610359300546e-153	4.007206310917246e-2	9.092068299037768
110	5.688715312552969e-154	4.044489995318027e-2	9.0101368721865
111	6.370577979895336e-155	4.081769328789252e-2	8.929669066928886
112	7.197884054119098e-156	4.119044385928944e-2	8.850626006193691
113	8.204614752093523e-157	4.156315239458598e-2	8.772970177889775
114	9.434207708157382e-158	4.1935819602847806e-2	8.696665375513538
115	1.094242813791454e-158	4.23084461755823e-2	8.62167664183116
116	1.280120059161508e-159	4.268103278730634e-2	8.547970215451468
117	1.510374636491897e-160	4.305358009609131e-2	8.475513480117788
118	1.7971504400885927e-161	4.342608874408701e-2	8.404274916558691
119	2.156350042729469e-162	4.3798559358024805e-2	8.33422405674819
120	2.6089093441312078e-163	4.41709925497016e-2	8.265331440435906
121	3.182540433347657e-164	4.4543388916445076e-2	8.197568573816808
122	3.9141267818028073e-165	4.49157490415611e-2	8.130907890218648
123	4.853031826789519e-166	4.5288073494764325e-2	8.065322712693117
124	6.065692905350904e-167	4.566036283259246e-2	8.000787218403977
125	7.642033105650397e-168	4.603261759880505e-2	7.937276404712285
126	9.704457313989944e-169	4.6404838324767626e-2	7.874766056865069
127	1.2420540466722553e-169	4.6777025529821395e-2	7.813232717199696
128	1.6021018116112813e-170	4.714917972163967e-2	7.752653655781619
129	2.0825430737714426e-171	4.7521301396571174e-2	7.69300684239826
130	2.727887306645444e-172	4.7893391039970944e-2	7.634270919836501
131	3.600493956478674e-173	4.8265449126519464e-2	7.576425178375664
132	4.788241401751948e-174	4.863747612053025e-2	7.519449531431947
133	6.415695052112227e-175	4.900947247624678e-2	7.463324492294136
134	8.660459062016745e-176	4.9381438638128675e-2	7.408031151893945
135	1.1777247314198442e-176	4.975337504112814e-2	7.353551157557716
136	1.6133510117374077e-177	5.012528211095671e-2	7.299866692689272
137	2.2262450874891723e-178	5.04971602643427e-2	7.246960457336684
138	3.0942350657913555e-179	5.0869009909279984e-2	7.194815649598382
139	4.331590220128181e-180	5.124083144526821e-2	7.14341594782664
140	6.107071266047193e-181	5.161262526354495e-2	7.092745493588789
141	8.671381996730267e-182	5.1984391747309865e-2	7.042788875348816
142	1.2399146949982336e-182	5.235613127194166e-2	6.993531112834034
143	1.785345222971888e-183	5.272784420520764e-2	6.944957642053507
144	2.588561935389433e-184	5.3099530907466365e-2	6.8970543009367615
145	3.779028834151484e-185	5.34711917318637e-2	6.8498073155629955
146	5.554778645816719e-186	5.384282702452254e-2	6.803203286952676
147	8.220497631747039e-187	5.4214437124726185e-2	6.757229178394891
148	1.2247696708596973e-187	5.458602236509606e-2	6.711872303285287
149	1.8370295019106798e-188	5.495758307176363e-2	6.667120313450731
150	2.7737283214890528e-189	5.5329119564536684e-2	6.622961187938139
151	4.2157877536462423e-190	5.5700632157060795e-2	6.579383222246069
152	6.449733594003382e-191	5.607212115697519e-2	6.5363750179788145
153	9.931948897342911e-192	5.644358686606412e-2	6.493925472903789
154	1.5393540459937125e-192	5.681502958040343e-2	6.452023771393964
155	2.401241363625784e-193	5.718644959050253e-2	6.410659375238088
156	3.769715006236832e-194	5.755784718144203e-2	6.369822014802267
157	5.9557848255800715e-195	5.792922263300728e-2	6.329501680527345
158	9.469125087712123e-196	5.830057621981781e-2	6.289688614747273
159	1.5149695270094281e-196	5.86719082114527e-2	6.250373303814444
160	2.4389570845196323e-197	5.9043218872572495e-2	6.21154647051861
161	3.9508803428060565e-198	5.9414508463037266e-2	6.173199066786714
162	6.439564494078825e-199	5.978577723802114e-2	6.135322266651555
163	1.0560285699432847e-199	6.0157025448123694e-2	6.0979074594777956
164	1.7423493420474353e-200	6.052825333947788e-2	6.060946243434426
165	2.892139539853581e-201	6.0899461153854806e-2	6.024430419203233
166	4.829608459260184e-202	6.1270649128765564e-2	5.988351983913431
167	8.113303078628632e-203	6.1641817497560134e-2	5.952703125292983
168	1.3710748945054493e-203	6.2012966489523376e-2	5.917476216027662
169	2.330704148971545e-204	6.238409632996824e-2	5.88266380831928
170	3.9852959606808054e-205	6.27552072403266e-2	5.848258628634929
171	6.854355268292198e-206	6.312629943823718e-2	5.8142535726394655
172	1.185742971741694e-206	6.349737313763121e-2	5.78064170030381
173	2.0630887411782945e-207	6.386842854881572e-2	5.747416231181987
174	3.6102253472793573e-208	6.423946587855436e-2	5.714570539850165
175	6.353683535588913e-209	6.461048533014621e-2	5.682098151501232
176	1.1245472039647252e-209	6.498148710350217e-2	5.649992737688772
177	2.0015976181611945e-210	6.535247139521953e-2	5.618248112214541
178	3.5826891193207894e-211	6.572343839865429e-2	5.586858227153853
179	6.448536750457781e-212	6.609438830399161e-2	5.555817169013505
180	1.1671308019850006e-212	6.646532129831452e-2	5.525119155017086
181	2.1240802406807153e-213	6.683623756567052e-2	5.494758529512821
182	3.886889807496503e-214	6.720713728713647e-2	5.464729760499202
183	7.151555080590991e-215	6.75780206408821e-2	5.435027436263971
184	1.3229787399684963e-215	6.794888780223125e-2	5.405646262132141
185	2.4606319998981e-216	6.831973894372206e-2	5.376581057318948
186	4.601181216334883e-217	6.86905742351653e-2	5.347826751883816
187	8.649847565579423e-218	6.906139384370125e-2	5.3193783837815705
188	1.6347514233703603e-218	6.943219793385504e-2	5.291231096007286
189	3.105896556592406e-219	6.980298666759077e-2	5.263380133831331
190	5.932014578508864e-220	7.017376020436407e-2	5.235820842121291
191	1.1388997132609298e-220	7.054451870117331e-2	5.20854866274762
192	2.1979865214931103e-221	7.091526231260974e-2	5.181559132069954
193	4.263921212224377e-222	7.128599119090592e-2	5.154847878501201
194	8.314313201586981e-223	7.16567054859836e-2	5.128410620146602
195	1.6295407601641129e-223	7.20274053454997e-2	5.102243162515086
196	3.2100692860250194e-224	7.239809091489165e-2	5.076341396300355
197	6.355690226735802e-225	7.276876233742138e-2	5.050701295229217
198	1.2647337085535735e-225	7.313941975421828e-2	5.0253189139748295
199	2.5293711056706317e-226	7.351006330432128e-2	5.000190386132544
200	5.083844279905193e-227	7.388069312471941e-2	4.975311922256205
201	1.0268982194603837e-227	7.425130935039204e-2	4.950679807952789
202	2.0845263588937476e-228	7.46219121143476e-2	4.92629040203337
203	4.252278191989008e-229	7.499250154766174e-2	4.902140134718486
204	8.716854493195333e-230	7.536307777951431e-2	4.878225505896053
205	1.7956076078402772e-230	7.573364093722569e-2	4.854543083430015
206	3.7167757030294073e-231	7.610419114629205e-2	4.831089501518059
207	7.7306214720416e-232	7.647472853041988e-2	4.8078614590966815
208	1.6156435903569895e-232	7.684525321155983e-2	4.7848557182920874
209	3.3927344510139353e-233	7.721576530993958e-2	4.762069102915339
210	7.158424996149354e-234	7.758626494409583e-2	4.739498497000315
211	1.517534717283414e-234	7.795675223090609e-2	4.717140843383058
212	3.232240540681943e-235	7.832722728561903e-2	4.694993142321154
213	6.9167649521608345e-236	7.86976902218846e-2	4.673052450151821
214	1.4870555201152212e-236	7.906814115178343e-2	4.6513158779874635
215	3.211935190154435e-237	7.943858018585533e-2	4.629780590447472
216	6.969674203405268e-238	7.980900743312741e-2	4.608443804425085
217	1.5193403456617684e-238	8.017942300114132e-2	4.587302787888212
218	3.327249836404412e-239	8.054982699598014e-2	4.566354858713109
219	7.319719622431676e-240	8.092021952229442e-2	4.545597383549877
220	1.6176076664305987e-240	8.129060068332777e-2	4.525027776718761
221	3.5909782133497436e-241	8.16609705809419e-2	4.504643499136294
222	8.007636552083276e-242	8.203132931564118e-2	4.484442057270332
223	1.793656231855189e-242	8.240167698659628e-2	4.464421002123094
224	4.035605316892086e-243	8.277201369166784e-2	4.444577928241321
225	9.120196536725754e-244	8.31423395274292e-2	4.424910472752718
226	2.0702235352551843e-244	8.351265458918887e-2	4.405416314427882
227	4.719971632406555e-245	8.388295897101239e-2	4.386093172766903
228	1.080842173634734e-245	8.425325276574389e-2	4.366938807109917
229	2.4858655714250427e-246	8.462353606502677e-2	4.347951015770866
230	5.742185911120149e-247	8.49938089593246e-2	4.329127635193748
231	1.332149515369668e-247	8.536407153794101e-2	4.310466539130712
232	3.103821483621399e-248	8.573432388903937e-2	4.291965637841311
233	7.262740706717236e-249	8.61045660996621e-2	4.273622877312287
234	1.7066971045210373e-249	8.647479825574948e-2	4.2554362384973
235	4.027695283763863e-250	8.684502044215824e-2	4.237403736575962
236	9.54537961432321e-251	8.721523274267937e-2	4.21952342023166
237	2.2717394149657053e-251	8.758543524005612e-2	4.20179337094757
238	5.429312799125129e-252	8.795562801600113e-2	4.184211702320356
239	1.3030007061186445e-252	8.832581115121353e-2	4.166776559391031
240	3.140149572904314e-253	8.869598472539551e-2	4.149486117992474
241	7.598964869376115e-254	8.90661488172687e-2	4.132338584113134
242	1.84650096577651e-254	8.943630350459e-2	4.115332193276443
243	4.50534741956629e-255	8.980644886416735e-2	4.098465209935496
244	1.1037821898016e-255	9.017658497187503e-2	4.081735926882555
245	2.715236046679801e-256	9.054671190266857e-2	4.06514266467296
246	6.706466101616231e-257	9.091682973059968e-2	4.048683771063034
247	1.6631625299267289e-257	9.12869385288305e-2	4.032357620461596
248	4.141173279139045e-258	9.165703836964781e-2	4.016162613394681
249	1.0352681689842317e-258	9.202712932447688e-2	4.000097175983124
250	2.5984604822464822e-259	9.239721146389504e-2	3.9841597594326212
251	6.547963869402028e-260	9.276728485764515e-2	3.968348839535943
252	1.6565955681641354e-260	9.313734957464848e-2	3.95266291618695
253	4.207653735874151e-261	9.350740568301753e-2	3.937100512906092
254	1.0729266552007274e-261	9.387745325006873e-2	3.9216601763770758
255	2.7466286203012177e-262	9.42474923423347e-2	3.9063404759943907
256	7.058673339654091e-263	9.461752302557629e-2	3.891140003421402
257	1.8210961969644042e-263	9.498754536479442e-2	3.8760573721587215
258	4.7165324374842125e-264	9.535755942424183e-2	3.861091217122579
259	1.2262709033502912e-264	9.572756526743433e-2	3.8462401942329287
260	3.200495757794673e-265	9.609756295716212e-2	3.8315029800110185
261	8.385113515291762e-266	9.646755255550073e-2	3.8168782711861846
262	2.2052364754398002e-266	9.683753412382166e-2	3.802364784311614
263	5.821697548523178e-267	9.720750772280319e-2	3.787961255388842
264	1.5427165177040335e-267	9.757747341244058e-2	3.7736664395007518
265	4.1035379433673817e-268	9.794743125205634e-2	3.7594791104528533
266	1.0956213137207473e-268	9.831738130031013e-2	3.7453980604226307
267	2.9362031002423524e-269	9.868732361520863e-2	3.731422099616731
268	7.898220753084735e-270	9.905725825411524e-2	3.717550055935809
269	2.1324752283260858e-270	9.942718527375934e-2	3.7037807746468157
270	5.778888505850782e-271	9.979710473024574e-2	3.6901131180625493
271	1.5718254471740264e-271	0.10016701667906379	3.6765459652282666
272	4.290996141414482e-272	0.10053692117509613	3.663078211615195
273	1.1757091902982e-272	0.10090681827262775	3.6497087688207475
274	3.2331354322208864e-273	0.10127670802535439	3.6364365642752827
275	8.92327613671552e-274	0.10164659048639113	3.6232605409552403
276	2.4716986367036596e-274	0.10201646570828068	3.6101796571024938
277	6.871187381577023e-275	0.10238633374300156	3.597192885949756
278	1.9170239337037967e-275	0.1027561946419761	3.5842992154518947
279	5.367563197934518e-276	0.10312604845607838	3.571497648023005
280	1.5082562951540255e-276	0.10349589523564189	3.558787200279097
281	4.2532016583003264e-277	0.1038657350304672	3.5461669027862603
282	1.2036332828991613e-277	0.10423556788982943	3.5336357998141645
283	3.4182542686523075e-278	0.10460539386248563	3.5211929490947727
284	9.74184283268138e-279	0.10497521299668193	3.508837421586132
285	2.786115411852091e-279	0.10534502534016066	3.496568301241124
286	7.996004069301456e-280	0.10571483094016737	3.4843846847810456
287	2.3028070852474686e-280	0.10608462984345757	3.472285681473911
288	6.65499169270407e-281	0.10645442209630361	3.460270412917356
289	1.929912806676997e-281	0.10682420774450115	3.448338012826034
290	5.615945745339287e-282	0.10719398683337582	3.436487626823398
291	1.6398270074618341e-282	0.10756375940778946	3.4247184122377585
292	4.804608308399202e-283	0.10793352551214658	3.4130295379025206
293	1.412530075247828e-283	0.1083032851904003	3.4014201839604983
294	4.166891156432894e-284	0.10867303848605875	3.3898895416722077
295	1.2333784489079983e-284	0.10904278544219073	3.3784368132280505
296	3.663071062301802e-285	0.10941252610143178	3.367061211564286
297	1.0915765497569305e-285	0.10978226050598998	3.355761960182715
298	3.263758564373607e-286	0.11015198869765142	3.3445382929739784
299	9.791110847889969e-287	0.11052171071778603	3.3333894540443922
