0	7.5e-3	0.0	66.66666666666667
1	1.5e-4	1.5e-4	50.0
2	3.9375e-6	1.984313483298443e-3	38.095238095238095
3	1.35e-7	5.129927840030093e-3	29.166666666666668
4	5.934375e-9	8.776952471709815e-3	22.748815165876778
5	3.24e-10	1.2650538190282496e-2	18.31597222222222
6	2.12298046875e-11	1.664016646030287e-2	15.261562919171345
7	1.62135e-12	2.068696036040122e-2	13.093906119900083
8	1.41115447265625e-13	2.4756931759811238e-2	11.48952883200727
9	1.3763115e-14	2.8830847930877253e-2	10.253161967012918
10	1.4850124677246094e-15	3.289826616696653e-2	9.268013096946149
11	1.75490226e-16	3.695382157541731e-2	8.462080775510595
12	2.2530628205925293e-17	4.0995020546892025e-2	7.788962846311055
13	3.1217145174e-18	4.502097129048131e-2	7.217389059871658
14	4.641652455250599e-19	4.903166212771156e-2	6.725437863984716
15	7.3709524476135e-20	5.302755144408403e-2	6.297222086615727
16	1.244902947775221e-20	5.700933412859006e-2	5.920905288871078
17	2.2280288427805365e-21	6.097780852892393e-2	5.58746333921605
18	4.211869282476113e-22	6.493380117724654e-2	5.289881269702421
19	8.385809834576763e-23	6.887812500854176e-2	5.022614828575693
20	1.753906248830001e-23	7.281155711399176e-2	4.781218973460403
21	3.844527685924405e-24	7.673482790734182e-2	4.562085104111507
22	8.813173625065073e-25	8.064861692715562e-2	4.362251158867892
23	2.108787179497315e-25	8.455355244138801e-2	4.179261762756887
24	5.257426543228264e-26	8.845021316430662e-2	4.011063515882122
25	1.3634668601101114e-26	9.233913107629972e-2	3.8559254332031823
26	3.672759000967804e-27	9.62207947458841e-2	3.712377696850858
27	1.026149976774513e-27	0.10009565280058193	3.5791639468845973
28	2.9698682339547423e-28	0.10396411734371716	3.455203719284438
29	8.892985709906794e-29	0.10782656720573217	3.3395625843031618
30	2.7520294973343124e-29	0.11168335097418797	3.2314281945454333
31	8.792171127499381e-30	0.11553478978002314	3.13009091545859
32	2.8969949216563493e-30	0.11938117983736353	3.034928042770776
33	9.835689275171175e-31	0.12322279474541832	2.9453908522399224
34	3.437857473778909e-31	0.12705988756701003	2.8609939039618584
35	1.236058629426517e-31	0.13089269270109272	2.781306154849581
36	4.5679394823226377e-32	0.13472142756748515	2.7059435314541957
37	1.7338511244213373e-32	0.13854629412178063	2.6345626899467285
38	6.754766512949933e-33	0.1423674802174945	2.566855747119129
39	2.6991579875990274e-33	0.1461851608312818	2.502545810205973
40	1.1055855646065139e-33	0.14999949916569671	2.4413831674436506
41	4.639192929480452e-34	0.15381064764258373	2.383142027961164
42	1.993107754947416e-34	0.15761874879885704	2.3276177205997817
43	8.762360334897664e-35	0.16142393609517516	2.2746242779009083
44	3.939923784140039e-35	0.16522633464687103	2.2239923447682157
45	1.810986804202912e-35	0.1690260618854546	2.1755673619467135
46	8.50544812264269e-36	0.17282322815807233	2.12920798303597
47	4.079772918792905e-36	0.17661793727147146	2.0847846907026435
48	1.9977552168675423e-36	0.18041028698627576	2.042178583415211
49	9.982385816870957e-37	0.18420036946672222	2.0012803086524578
50	5.0878905001062126e-37	0.18798827169042662	1.9619891223410897
51	2.6441423025567196e-37	0.19177407582223413	1.9242120574170845
52	1.4006005947649937e-37	0.1955578595557568	1.8878631870068423
53	7.559115906177179e-38	0.19933969642580301	1.8528629698883794
54	4.155329220209261e-38	0.20311965609454943	1.8191376677000106
55	2.325806244928556e-38	0.20689780461399815	1.786618824878469
56	1.3250624017270542e-38	0.21067420466698542	1.7552428035820478
57	7.68174219462414e-39	0.21444891578876749	1.7249503669289543
58	4.5301670320281283e-39	0.21822199457099464	1.6956863047906363
59	2.7169062522377117e-39	0.22199349484969536	1.6673990971521264
60	1.656609131808686e-39	0.22576346787872434	1.6400406107090533
61	1.0266758915013012e-39	0.2295319624899801	1.6135658249325768
62	6.465487903219558e-40	0.23329902524156482	1.5879325843144136
63	4.136320273980371e-40	0.23706470055494266	1.563101373917024
64	2.6876061707490955e-40	0.24082903084204796	1.5390351157094888
65	1.7731793713979893e-40	0.24459205662320158	1.5156989834763104
66	1.1876140899083739e-40	0.2483538166366107	1.4930602343517099
67	8.073031968822822e-41	0.25211434794015375	1.4710880552620271
68	5.568555205381535e-41	0.25587368600608507	1.4497534227587299
69	3.8967405862267883e-41	0.2596318648092353	1.429028974898625
70	2.7658253272331406e-41	0.26338891690922994	1.4088888939797894
71	1.9907923487387593e-41	0.2671448735272011	1.3893087990745963
72	1.4528513887001207e-41	0.2708997646174239	1.37026564741762
73	1.0748027883627126e-41	0.2746536189342714	1.3517376438084086
74	8.058779621378008e-42	0.278406464094847	1.333704157278999
75	6.123015075072317e-42	0.2821583266376205	1.316145644355257
76	4.7134793453451116e-42	0.2859092320773686	1.2990435783110454
77	3.6755703725742134e-42	0.2896592049566913	1.282380383876038
78	2.902974537871484e-42	0.2934082688943575	1.2661393769127618
79	2.3218136489778436e-42	0.297156446630706	1.2503047086270214
80	1.880222194028587e-42	0.30090376007031533	1.23486131391902
81	1.541424915170874e-42	0.3046502303221344	1.2197948635209104
82	1.2790934416855632e-42	0.308395877737251	1.2050917196007318
83	1.0742014454614755e-42	0.3121407219444642	1.1907388945432542
84	9.128745856442706e-43	0.3158847818838075	1.176724012645556
85	7.849070493970016e-43	0.31962807583816516	1.1630352744896089
86	6.827288740531813e-43	0.3233706214631072	1.1496614237760525
87	6.0068084624249336e-43	0.32711243581506166	1.1365917164230093
88	5.345011141516615e-43	0.33085353537793466	1.1238158917514505
89	4.809587880102396e-43	0.33459393608827726	1.1113241455945329
90	4.3759046387960194e-43	0.33833365335909366	1.099107105182644
91	4.025094302011286e-43	0.34207270210237767	1.0871558056688109
92	3.742666448407585e-43	0.34581109675045624	1.0754616681707951
93	3.5174891756964987e-43	0.34954885127621566	1.0640164792167408
94	3.3410408833966368e-43	0.35328597921227967	1.0528123714907907
95	3.206860067285682e-43	0.35702249366920197	1.0418418057837262
96	3.1101422505113202e-43	0.3607584073527354	1.031097554061542
97	3.04744806575256e-43	0.3644937325802307	1.0205726835719768
98	3.016497170100744e-43	0.36822848129621866	1.0102605419155033
99	3.0160304604594885e-43	0.3719626650872219	1.0001547430131672
100	3.04572889414108e-43	0.3756962951958436	0.9902491539090296
101	3.1061817691755113e-43	0.3794293825341717	0.9805378823498544
102	3.1989010686565524e-43	0.38316193769654183	0.9710152650891513
103	3.3263818009104857e-43	0.3868939709716914	0.9616758568667494
104	3.4922114888767685e-43	0.3906254923543421	0.9525144200188117
105	3.7012353710218325e-43	0.39435651155624085	0.9435259146766024
106	3.959787775442054e-43	0.3980870380166902	0.9347054895154432
107	4.276004864557909e-43	0.40181708091259527	0.9260484730181548
108	4.660239946101608e-43	0.40554664916805444	0.9175503652199025
109	5.125610359300546e-43	0.4092757514635174	0.9092068299037768
110	5.688715312552969e-43	0.4130043962445346	0.90101368721865
111	6.370577979895336e-43	0.41673259173011823	0.8929669066928885
112	7.197884054119098e-43	0.4204603459207372	0.885062600619369
113	8.204614752093524e-43	0.42418766660596335	0.8772970177889774
114	9.434207708157383e-43	0.4279145613717877	0.8696665375513538
115	1.0942428137914541e-42	0.43164103760762346	0.862167664183116
116	1.280120059161508e-42	0.4353671025130118	0.8547970215451468
117	1.5103746364918974e-42	0.4390927631040452	0.8475513480117789
118	1.7971504400885927e-42	0.4428180262195225	0.840427491655869
119	2.156350042729469e-42	0.4465428985268487	0.833422405674819
120	2.608909344131208e-42	0.450267386527693	0.8265331440435907
121	3.182540433347657e-42	0.45399149656341536	0.8197568573816807
122	3.914126781802807e-42	0.45771523482027426	0.8130907890218648
123	4.853031826789519e-42	0.4614386073344247	0.8065322712693116
124	6.065692905350903e-42	0.46516161999671823	0.8000787218403976
125	7.642033105650396e-42	0.46888427855731213	0.7937276404712285
126	9.704457313989943e-42	0.4726065886300991	0.7874766056865069
127	1.2420540466722554e-41	0.47632855569696353	0.7813232717199696
128	1.6021018116112812e-41	0.4800501851118742	0.7752653655781618
129	2.0825430737714427e-41	0.48377148210481974	0.769300684239826
130	2.727887306645444e-41	0.4874924517855943	0.7634270919836501
131	3.6004939564786737e-41	0.49121309914744093	0.7576425178375664
132	4.788241401751948e-41	0.49493342907055726	0.7519449531431948
133	6.415695052112227e-41	0.49865344632547226	0.7463324492294136
134	8.660459062016745e-41	0.5023731555762966	0.7408031151893946
135	1.1777247314198442e-40	0.5060925613838554	0.7353551157557716
136	1.6133510117374078e-40	0.5098116682087056	0.7299866692689272
137	2.2262450874891725e-40	0.5135304804140455	0.7246960457336683
138	3.0942350657913555e-40	0.5172490022685183	0.7194815649598383
139	4.331590220128181e-40	0.5209672379489176	0.714341594782664
140	6.1070712660471935e-40	0.5246851915427956	0.7092745493588789
141	8.671381996730267e-40	0.5284028670509798	0.7042788875348817
142	1.2399146949982335e-39	0.5321202683900031	0.6993531112834034
143	1.7853452229718877e-39	0.5358373993944483	0.6944957642053508
144	2.5885619353894332e-39	0.539554263819212	0.6897054300936762
145	3.7790288341514834e-39	0.5432708653416919	0.6849807315562996
146	5.554778645816719e-39	0.5469872075638991	0.6803203286952676
147	8.220497631747038e-39	0.5507032940144987	0.6757229178394891
148	1.2247696708596972e-38	0.5544191281507836	0.6711872303285287
149	1.8370295019106798e-38	0.5581347133605808	0.6667120313450731
150	2.773728321489053e-38	0.5618500529640951	0.6622961187938139
151	4.2157877536462424e-38	0.5655651502156928	0.6579383222246069
152	6.449733594003383e-38	0.5692800083056268	0.6536375017978815
153	9.93194889734291e-38	0.5729946303617052	0.6493925472903789
154	1.5393540459937123e-37	0.5767090194509069	0.6452023771393964
155	2.401241363625784e-37	0.5804231785809452	0.6410659375238088
156	3.769715006236832e-37	0.5841371107017805	0.6369822014802268
157	5.955784825580071e-37	0.5878508187070872	0.6329501680527344
158	9.469125087712123e-37	0.5915643054356726	0.6289688614747273
159	1.514969527009428e-36	0.5952775736728525	0.6250373303814443
160	2.4389570845196323e-36	0.5989906261517837	0.621154647051861
161	3.950880342806056e-36	0.6027034655547553	0.6173199066786715
162	6.439564494078825e-36	0.6064160945144405	0.6135322266651555
163	1.0560285699432847e-35	0.6101285156151103	0.6097907459477796
164	1.7423493420474353e-35	0.6138407313938101	0.6060946243434425
165	2.8921395398535807e-35	0.6175527443415012	0.6024430419203233
166	4.829608459260183e-35	0.6212645569041678	0.5988351983913431
167	8.113303078628632e-35	0.6249761714838913	0.5952703125292983
168	1.3710748945054495e-34	0.628687590439892	0.5917476216027662
169	2.3307041489715447e-34	0.6323988160895417	0.588266380831928
170	3.985295960680806e-34	0.6361098507093451	0.5848258628634929
171	6.854355268292198e-34	0.6398206965358935	0.5814253572639465
172	1.1857429717416941e-33	0.6435313557667901	0.5780641700303809
173	2.0630887411782943e-33	0.6472418305615502	0.5747416231181987
174	3.610225347279358e-33	0.650952123042474	0.5714570539850164
175	6.353683535588913e-33	0.6546622352954952	0.5682098151501233
176	1.1245472039647253e-32	0.658372169371006	0.5649992737688773
177	2.0015976181611948e-32	0.6620819272846583	0.5618248112214541
178	3.582689119320789e-32	0.6657915110181428	0.5586858227153854
179	6.448536750457781e-32	0.6695009225199465	0.5555817169013505
180	1.1671308019850005e-31	0.6732101637060887	0.5525119155017086
181	2.124080240680715e-31	0.6769192364608371	0.5494758529512821
182	3.8868898074965033e-31	0.6806281426374049	0.5464729760499202
183	7.1515550805909914e-31	0.6843368840586279	0.5435027436263971
184	1.3229787399684962e-30	0.6880454625176239	0.5405646262132141
185	2.4606319998981e-30	0.6917538797784336	0.5376581057318948
186	4.6011812163348824e-30	0.695462137576646	0.5347826751883815
187	8.649847565579423e-30	0.6991702376200049	0.5319378383781571
188	1.6347514233703605e-29	0.7028781815890007	0.5291231096007286
189	3.1058965565924057e-29	0.7065859711374471	0.526338013383133
190	5.932014578508864e-29	0.7102936078930411	0.5235820842121292
191	1.1388997132609299e-28	0.7140010934579091	0.520854866274762
192	2.19798652149311e-28	0.7177084294091396	0.5181559132069954
193	4.2639212122243775e-28	0.7214156172993009	0.5154847878501201
194	8.314313201586983e-28	0.7251226586569461	0.5128410620146602
195	1.629540760164113e-27	0.7288295549871056	0.5102243162515087
196	3.210069286025019e-27	0.7325363077717657	0.5076341396300356
197	6.3556902267358015e-27	0.736242918470337	0.5050701295229217
198	1.2647337085535734e-26	0.7399493885201092	0.5025318913974829
199	2.529371105670632e-26	0.7436557193366958	0.5000190386132543
200	5.083844279905193e-26	0.747361912314467	0.4975311922256205
201	1.0268982194603836e-25	0.7510679688269719	0.4950679807952789
202	2.084526358893748e-25	0.7547738902273506	0.492629040203337
203	4.252278191989008e-25	0.7584796778487363	0.4902140134718486
204	8.716854493195334e-25	0.7621853330046465	0.4878225505896052
205	1.795607607840277e-24	0.7658908569893664	0.4854543083430016
206	3.716775703029407e-24	0.7695962510783211	0.4831089501518059
207	7.730621472041601e-24	0.7733015165284406	0.48078614590966817
208	1.6156435903569895e-23	0.7770066545785148	0.4784855718292088
209	3.392734451013935e-23	0.7807116664495408	0.47620691029153395
210	7.158424996149354e-23	0.784416553345061	0.47394984970003146
211	1.517534717283414e-22	0.7881213164514945	0.47171408433830586
212	3.2322405406819425e-22	0.7918259569384596	0.4694993142321154
213	6.916764952160834e-22	0.7955304759590892	0.46730524501518206
214	1.4870555201152211e-21	0.799234874650339	0.46513158779874636
215	3.2119351901544348e-21	0.8029391541332883	0.46297805904474715
216	6.969674203405269e-21	0.8066433155134335	0.46084438044250847
217	1.5193403456617683e-20	0.8103473598809756	0.45873027878882117
218	3.327249836404412e-20	0.8140512883111011	0.4566354858713109
219	7.319719622431676e-20	0.8177551018642553	0.4545597383549877
220	1.6176076664305988e-19	0.8214588015864107	0.45250277767187613
221	3.5909782133497438e-19	0.8251623885093292	0.4504643499136294
222	8.007636552083276e-19	0.8288658636508176	0.44844420572703325
223	1.793656231855189e-18	0.8325692280149781	0.44644210021230946
224	4.0356053168920864e-18	0.8362724825924529	0.4444577928241321
225	9.120196536725753e-18	0.8399756283606634	0.4424910472752719
226	2.0702235352551843e-17	0.8436786662840445	0.4405416314427882
227	4.719971632406555e-17	0.8473815973142731	0.4386093172766902
228	1.0808421736347339e-16	0.8510844223904919	0.43669388071099174
229	2.485865571425043e-16	0.8547871424395284	0.43479510157708656
230	5.742185911120149e-16	0.8584897583761092	0.43291276351937485
231	1.332149515369668e-15	0.8621922711030696	0.4310466539130713
232	3.1038214836213987e-15	0.8658946815115584	0.42919656378413107
233	7.262740706717235e-15	0.8695969904812383	0.42736228773122875
234	1.7066971045210372e-14	0.8732991988804829	0.42554362384972994
235	4.027695283763863e-14	0.8770013075665686	0.4237403736575962
236	9.54537961432321e-14	0.8807033173858626	0.42195234202316595
237	2.2717394149657052e-13	0.884405229174007	0.4201793370947569
238	5.429312799125129e-13	0.8881070437560993	0.41842117023203557
239	1.3030007061186445e-12	0.8918087619468689	0.41667765593910305
240	3.140149572904314e-12	0.8955103845508496	0.41494861179924736
241	7.598964869376115e-12	0.8992119123625496	0.4132338584113134
242	1.8465009657765098e-11	0.9029133461666164	0.4115332193276443
243	4.5053474195662896e-11	0.9066146867379996	0.4098465209935496
244	1.1037821898015999e-10	0.9103159348421098	0.40817359268825554
245	2.715236046679801e-10	0.9140170912349748	0.40651426646729594
246	6.706466101616231e-10	0.9177181566633914	0.4048683771063034
247	1.6631625299267287e-9	0.9214191318650758	0.4032357620461596
248	4.141173279139045e-9	0.9251200175688096	0.4016162613394681
249	1.0352681689842318e-8	0.9288208144945834	0.4000097175983124
250	2.5984604822464823e-8	0.9325215233537378	0.3984159759432621
251	6.547963869402028e-8	0.936222144849101	0.39683488395359434
252	1.6565955681641355e-7	0.9399226796751243	0.395266291618695
253	4.207653735874151e-7	0.9436231285180141	0.3937100512906092
254	1.0729266552007275e-6	0.9473234920558625	0.3921660176377076
255	2.7466286203012178e-6	0.9510237709587739	0.39063404759943904
256	7.0586733396540905e-6	0.9547239658889904	0.38911400034214016
257	1.8210961969644045e-5	0.9584240775010143	0.38760573721587216
258	4.7165324374842125e-5	0.9621241064417273	0.3861091217122579
259	1.226270903350291e-4	0.9658240533505096	0.3846240194232929
260	3.200495757794673e-4	0.969523918859354	0.38315029800110184
261	8.385113515291761e-4	0.9732237035929803	0.3816878271186185
262	2.2052364754398e-3	0.9769234081689457	0.3802364784311615
263	5.821697548523178e-3	0.9806230331977542	0.37879612553888425
264	1.5427165177040335e-2	0.9843225792829633	0.37736664395007513
265	4.1035379433673816e-2	0.9880220470212889	0.37594791104528535
266	0.10956213137207473	0.9917214370027084	0.37453980604226306
267	0.2936203100242352	0.9954207498105617	0.37314220996167313
268	0.7898220753084735	0.9991199860216503	0.3717550055935809
269	2.1324752283260855	1.0028191462063345	0.3703780774646816
270	5.778888505850783	1.006518230928629	0.3690113118062549
271	15.718254471740265	1.0102172407462964	0.36765459652282667
272	42.90996141414482	1.0139161762109397	0.36630782116151955
273	117.57091902982	1.0176150378680924	0.36497087688207475
274	323.31354322208864	1.0213138262573067	0.3636436564275283
275	892.3276136715521	1.0250125419122413	0.36232605409552404
276	2471.6986367036598	1.0287111853607465	0.36101796571024936
277	6871.187381577023	1.0324097571249475	0.3597192885949756
278	19170.23933703797	1.0361082577213288	0.35842992154518943
279	53675.63197934518	1.0398066876608125	0.3571497648023005
280	150825.62951540254	1.04350504744884	0.3558787200279097
281	425320.1658300326	1.0472033375854495	0.354616690278626
282	1203633.2828991613	1.0509015585653512	0.3533635799814165
283	3418254.2686523073	1.0545997108780054	0.35211929490947724
284	9741842.83268138	1.058297795007694	0.3508837421586132
285	2.7861154118520908e7	1.0619958114335948	0.34965683012411236
286	7.996004069301456e7	1.065693760629852	0.3484384684781045
287	2.3028070852474684e8	1.0693916430656472	0.34722856814739106
288	6.65499169270407e8	1.073089459205268	0.34602704129173556
289	1.929912806676997e9	1.0767872095081754	0.34483380128260344
290	5.615945745339288e9	1.0804848944290715	0.34364876268233985
291	1.6398270074618341e10	1.0841825144179638	0.3424718412237759
292	4.804608308399203e10	1.08788006992023	0.34130295379025205
293	1.4125300752478278e11	1.091577561376682	0.3401420183960498
294	4.1668911564328937e11	1.0952749892236266	0.33898895416722075
295	1.2333784489079983e12	1.0989723538929284	0.33784368132280507
296	3.6630710623018022e12	1.1026696558120679	0.3367061211564286
297	1.0915765497569305e13	1.1063668954042023	0.3355761960182715
298	3.263758564373607e13	1.110064073088223	0.33445382929739786
299	9.791110847889969e13	1.1137611892788124	0.3333389454044392
