0	7.5e-5	0.0	6666.666666666667
1	1.5e-8	1.5e-8	5000.0
2	3.9375e-12	1.984313483298443e-6	3809.5238095238096
3	1.35e-15	1.1052094495921167e-5	2916.6666666666665
4	5.934375e-19	2.7755160725647585e-5	2274.8815165876777
5	3.24e-22	5.036269964912323e-5	1831.5972222222222
6	2.12298046875e-25	7.72368108315997e-5	1526.1562919171345
7	1.62135e-28	1.0714758737695793e-4	1309.3906119900084
8	1.41115447265625e-31	1.3921845813459293e-4	1148.952883200727
9	1.3763115e-34	1.7283639257901346e-4	1025.3161967012918
10	1.4850124677246093e-37	2.0757402658711784e-4	926.8013096946149
11	1.75490226e-40	2.4313146992534717e-4	846.2080775510594
12	2.2530628205925292e-43	2.792958236946571e-4	778.8962846311055
13	3.1217145174e-46	3.1591387924990115e-4	721.7389059871658
14	4.641652455250598e-49	3.52873847567472e-4	672.5437863984716
15	7.3709524476135e-52	3.900930749280059e-4	629.7222086615727
16	1.2449029477752209e-54	4.275096954092883e-4	592.0905288871077
17	2.2280288427805364e-57	4.65076883364342e-4	558.746333921605
18	4.211869282476113e-60	5.027588402997902e-4	528.9881269702421
19	8.385809834576764e-63	5.405279533956749e-4	502.2614828575693
20	1.7539062488300008e-65	5.783627562988326e-4	478.1218973460403
21	3.844527685924405e-68	6.162464468319113e-4	456.20851041115066
22	8.813173625065073e-71	6.541657965016295e-4	436.2251158867892
23	2.108787179497315e-73	6.921103392055283e-4	417.9261762756887
24	5.257426543228264e-76	7.300717613366708e-4	401.10635158821214
25	1.3634668601101113e-78	7.680434388436689e-4	385.5925433203182
26	3.6727590009678037e-81	8.060200826822768e-4	371.23776968508577
27	1.026149976774513e-83	8.439974650247413e-4	357.9163946884597
28	2.969868233954742e-86	8.819722062075584e-4	345.5203719284438
29	8.892985709906793e-89	9.199416077644212e-4	333.9562584303162
30	2.7520294973343123e-91	9.579035207144837e-4	323.14281945454337
31	8.792171127499382e-94	9.958562410286537e-4	313.009091545859
32	2.8969949216563494e-96	1.0337984261978878e-3	303.4928042770776
33	9.835689275171175e-99	1.071729028296034e-3	294.53908522399223
34	3.437857473778909e-101	1.1096472400169244e-3	286.09939039618587
35	1.236058629426517e-103	1.1475524509769039e-3	278.1306154849581
36	4.567939482322638e-106	1.185444212184428e-3	270.5943531454196
37	1.7338511244213373e-108	1.223322207040957e-3	263.4562689946728
38	6.754766512949932e-111	1.2611862275904284e-3	256.6855747119129
39	2.699157987599027e-113	1.2990361550057187e-3	250.2545810205973
40	1.1055855646065139e-115	1.3368719435101913e-3	244.13831674436503
41	4.639192929480452e-118	1.3746936070953251e-3	238.3142027961164
42	1.993107754947416e-120	1.4125012085229155e-3	232.76177205997814
43	8.762360334897665e-123	1.4502948502004948e-3	227.46242779009083
44	3.9399237841400384e-125	1.4880746665977761e-3	222.39923447682156
45	1.810986804202912e-127	1.5258408179347396e-3	217.55673619467134
46	8.50544812264269e-130	1.563593484922121e-3	212.92079830359702
47	4.079772918792905e-132	1.6013328643751836e-3	208.47846907026437
48	1.9977552168675422e-134	1.6390591655539636e-3	204.2178583415211
49	9.982385816870956e-137	1.6767726071092244e-3	200.12803086524576
50	5.087890500106213e-139	1.7144734145345276e-3	196.19891223410897
51	2.6441423025567197e-141	1.7521618180420054e-3	192.42120574170846
52	1.4006005947649937e-143	1.7898380507934447e-3	188.7863187006842
53	7.559115906177179e-146	1.8275023474298448e-3	185.28629698883793
54	4.155329220209261e-148	1.865154942851974e-3	181.91376677000105
55	2.325806244928556e-150	1.9027960712123338e-3	178.66188248784687
56	1.3250624017270542e-152	1.940425965085292e-3	175.52428035820478
57	7.68174219462414e-155	1.9780448547875224e-3	172.4950366928954
58	4.530167032028128e-157	2.015652967825318e-3	169.56863047906361
59	2.716906252237712e-159	2.0532505284490197e-3	166.73990971521266
60	1.656609131808686e-161	2.090837757297899e-3	164.00406107090532
61	1.0266758915013013e-163	2.128414871121403e-3	161.3565824932577
62	6.465487903219559e-166	2.165982082564848e-3	158.79325843144136
63	4.1363202739803707e-168	2.2035396000094384e-3	156.3101373917024
64	2.6876061707490955e-170	2.24108762745806e-3	153.9035115709489
65	1.7731793713979893e-172	2.278626364459549e-3	151.56989834763104
66	1.187614089908374e-174	2.316156006065246e-3	149.306023435171
67	8.073031968822821e-177	2.3536767428125748e-3	147.10880552620273
68	5.5685552053815346e-179	2.3911887607311615e-3	144.97534227587298
69	3.8967405862267887e-181	2.4286922413676764e-3	142.90289748986248
70	2.7658253272331407e-183	2.466187361826142e-3	140.88888939797894
71	1.9907923487387593e-185	2.503674294820936e-3	138.93087990745963
72	1.4528513887001207e-187	2.5411532087401467e-3	137.026564741762
73	1.0748027883627126e-189	2.578624267717235e-3	135.17376438084088
74	8.058779621378008e-192	2.6160876317093376e-3	133.37041572789988
75	6.123015075072317e-194	2.6535434565807246e-3	131.6145644355257
76	4.713479345345111e-196	2.6909918941901787e-3	129.90435783110453
77	3.675570372574214e-198	2.7284330924812576e-3	128.23803838760378
78	2.902974537871484e-200	2.765867195574571e-3	126.61393769127618
79	2.3218136489778434e-202	2.8032943438612568e-3	125.03047086270213
80	1.880222194028587e-204	2.840714674097111e-3	123.486131391902
81	1.541424915170874e-206	2.8781283194967773e-3	121.97948635209104
82	1.2790934416855633e-208	2.9155354098275624e-3	120.50917196007319
83	1.0742014454614756e-210	2.9529360715025528e-3	119.07388945432544
84	9.128745856442706e-213	2.9903304276726597e-3	117.67240126455562
85	7.849070493970016e-215	3.0277185983173843e-3	116.30352744896088
86	6.827288740531813e-217	3.065100700334112e-3	114.96614237760525
87	6.006808462424934e-219	3.1024768476257203e-3	113.65917164230093
88	5.345011141516615e-221	3.139847151186419e-3	112.38158917514505
89	4.809587880102396e-223	3.177211719185709e-3	111.13241455945328
90	4.3759046387960196e-225	3.214570657050363e-3	109.9107105182644
91	4.0250943020112856e-227	3.2519240675444225e-3	108.71558056688109
92	3.7426664484075845e-229	3.2892720508471223e-3	107.54616681707951
93	3.517489175696499e-231	3.326614704628748e-3	106.40164792167408
94	3.3410408833966365e-233	3.36395212412445e-3	105.28123714907906
95	3.206860067285682e-235	3.4012844022059375e-3	104.18418057837262
96	3.1101422505113204e-237	3.43861162945116e-3	103.1097554061542
97	3.04744806575256e-239	3.4759338942119216e-3	102.05726835719769
98	3.016497170100744e-241	3.513251282679507e-3	101.02605419155033
99	3.0160304604594885e-243	3.5505638789483022e-3	100.01547430131673
100	3.04572889414108e-245	3.587871765077514e-3	99.02491539090295
101	3.1061817691755116e-247	3.6251750211509343e-3	98.05378823498543
102	3.198901068656552e-249	3.662473725334893e-3	97.10152650891513
103	3.326381800910486e-251	3.699767953934365e-3	96.16758568667494
104	3.492211488876768e-253	3.7370577814473116e-3	95.25144200188117
105	3.7012353710218325e-255	3.7743432806173153e-3	94.35259146766023
106	3.959787775442053e-257	3.81162452248451e-3	93.47054895154433
107	4.276004864557909e-259	3.8489015764348886e-3	92.60484730181548
108	4.6602399461016075e-261	3.8861745102480474e-3	91.75503652199025
109	5.125610359300546e-263	3.9234433901433755e-3	90.92068299037768
110	5.688715312552969e-265	3.9607082808247665e-3	90.101368721865
111	6.370577979895336e-267	3.997969245523866e-3	89.29669066928885
112	7.197884054119099e-269	4.03522634604196e-3	88.5062600619369
113	8.204614752093523e-271	4.072479642790475e-3	87.72970177889773
114	9.434207708157383e-273	4.1097291948301974e-3	86.96665375513537
115	1.0942428137914541e-274	4.146975059909202e-3	86.2167664183116
116	1.280120059161508e-276	4.184217294499587e-3	85.47970215451467
117	1.5103746364918973e-278	4.221455953832989e-3	84.75513480117789
118	1.7971504400885928e-280	4.2586910919350015e-3	84.0427491655869
119	2.156350042729469e-282	4.295922761658435e-3	83.3422405674819
120	2.6089093441312076e-284	4.333151014715556e-3	82.65331440435907
121	3.182540433347657e-286	4.370375901709279e-3	81.97568573816807
122	3.914126781802807e-288	4.4075974721633545e-3	81.30907890218649
123	4.8530318267895185e-290	4.444815774551605e-3	80.65322712693117
124	6.065692905350903e-292	4.482030856326238e-3	80.00787218403975
125	7.642033105650397e-294	4.519242763945239e-3	79.37276404712284
126	9.704457313989943e-296	4.556451542898946e-3	78.74766056865069
127	1.2420540466722554e-297	4.593657237735729e-3	78.13232717199696
128	1.6021018116112813e-299	4.630859892086916e-3	77.52653655781619
129	2.0825430737714426e-301	4.668059548690911e-3	76.93006842398259
130	2.7278873066454436e-303	4.70525624941656e-3	76.34270919836501
131	3.600493956478674e-305	4.742450035285821e-3	75.76425178375663
132	4.788241401751948e-307	4.7796409464956795e-3	75.19449531431948
133	6.415695052112225e-309	4.816829022439458e-3	74.63324492294136
134	8.6604590620167e-311	4.854014301727399e-3	74.08031151893945
135	1.17772473142e-312	4.891196822206662e-3	73.53551157557716
136	1.613351012e-314	4.9283766209861895e-3	72.99866692689271
137	2.2262451e-316	4.9655537342575785e-3	72.46960457336684
138	3.094234e-318	5.002728189562833e-3	71.94815649598382
139	4.3315e-320	5.039899070447368e-3	71.4341594782664
140	6.13e-322	5.077183996228764e-3	70.9274549358879
141	1.0e-323	5.118975873288513e-3	70.42788875348816
142	0.0	0.0	69.93531112834033
143	0.0	0.0	69.44957642053507
144	0.0	0.0	68.97054300936762
145	0.0	0.0	68.49807315562997
146	0.0	0.0	68.03203286952676
147	0.0	0.0	67.57229178394891
148	0.0	0.0	67.11872303285287
149	0.0	0.0	66.67120313450731
150	0.0	0.0	66.2296118793814
151	0.0	0.0	65.79383222246068
152	0.0	0.0	65.36375017978814
153	0.0	0.0	64.93925472903788
154	0.0	0.0	64.52023771393964
155	0.0	0.0	64.10659375238089
156	0.0	0.0	63.69822014802268
157	0.0	0.0	63.29501680527345
158	0.0	0.0	62.89688614747273
159	0.0	0.0	62.50373303814443
160	0.0	0.0	62.1154647051861
161	0.0	0.0	61.731990667867144
162	0.0	0.0	61.35322266651554
163	0.0	0.0	60.979074594777956
164	0.0	0.0	60.60946243434425
165	0.0	0.0	60.24430419203233
166	0.0	0.0	59.88351983913431
167	0.0	0.0	59.527031252929824
168	0.0	0.0	59.17476216027662
169	0.0	0.0	58.8266380831928
170	0.0	0.0	58.48258628634929
171	0.0	0.0	58.142535726394655
172	0.0	0.0	57.80641700303809
173	0.0	0.0	57.47416231181986
174	0.0	0.0	57.14570539850164
175	0.0	0.0	56.82098151501233
176	0.0	0.0	56.499927376887726
177	0.0	0.0	56.182481122145404
178	0.0	0.0	55.868582271538536
179	0.0	0.0	55.55817169013505
180	0.0	0.0	55.251191550170866
181	0.0	0.0	54.94758529512821
182	0.0	0.0	54.64729760499201
183	0.0	0.0	54.35027436263971
184	0.0	0.0	54.05646262132141
185	0.0	0.0	53.76581057318947
186	0.0	0.0	53.47826751883816
187	0.0	0.0	53.19378383781571
188	0.0	0.0	52.912310960072865
189	0.0	0.0	52.633801338313305
190	0.0	0.0	52.35820842121291
191	0.0	0.0	52.0854866274762
192	0.0	0.0	51.81559132069954
193	0.0	0.0	51.54847878501201
194	0.0	0.0	51.28410620146602
195	0.0	0.0	51.022431625150865
196	0.0	0.0	50.76341396300355
197	0.0	0.0	50.50701295229217
198	0.0	0.0	50.253189139748294
199	0.0	0.0	50.00190386132543
200	0.0	0.0	49.75311922256205
201	0.0	0.0	49.50679807952789
202	0.0	0.0	49.2629040203337
203	0.0	0.0	49.02140134718486
204	0.0	0.0	48.78225505896052
205	0.0	0.0	48.545430834300156
206	0.0	0.0	48.31089501518059
207	0.0	0.0	48.07861459096682
208	0.0	0.0	47.84855718292088
209	0.0	0.0	47.62069102915339
210	0.0	0.0	47.39498497000315
211	0.0	0.0	47.171408433830585
212	0.0	0.0	46.949931423211545
213	0.0	0.0	46.730524501518204
214	0.0	0.0	46.51315877987464
215	0.0	0.0	46.297805904474714
216	0.0	0.0	46.084438044250845
217	0.0	0.0	45.87302787888212
218	0.0	0.0	45.66354858713109
219	0.0	0.0	45.45597383549877
220	0.0	0.0	45.25027776718761
221	0.0	0.0	45.04643499136294
222	0.0	0.0	44.84442057270332
223	0.0	0.0	44.64421002123095
224	0.0	0.0	44.445779282413206
225	0.0	0.0	44.24910472752719
226	0.0	0.0	44.05416314427882
227	0.0	0.0	43.860931727669026
228	0.0	0.0	43.66938807109918
229	0.0	0.0	43.47951015770866
230	0.0	0.0	43.29127635193748
231	0.0	0.0	43.10466539130713
232	0.0	0.0	42.91965637841311
233	0.0	0.0	42.736228773122875
234	0.0	0.0	42.554362384973
235	0.0	0.0	42.37403736575962
236	0.0	0.0	42.1952342023166
237	0.0	0.0	42.01793370947569
238	0.0	0.0	41.842117023203556
239	0.0	0.0	41.66776559391031
240	0.0	0.0	41.49486117992474
241	0.0	0.0	41.32338584113133
242	0.0	0.0	41.15332193276443
243	0.0	0.0	40.98465209935496
244	0.0	0.0	40.81735926882555
245	0.0	0.0	40.6514266467296
246	0.0	0.0	40.48683771063034
247	0.0	0.0	40.323576204615954
248	0.0	0.0	40.16162613394681
249	0.0	0.0	40.00097175983124
250	0.0	0.0	39.84159759432622
251	0.0	0.0	39.68348839535943
252	0.0	0.0	39.5266291618695
253	0.0	0.0	39.37100512906092
254	0.0	0.0	39.216601763770754
255	0.0	0.0	39.06340475994391
256	0.0	0.0	38.91140003421402
257	0.0	0.0	38.760573721587214
258	0.0	0.0	38.61091217122579
259	0.0	0.0	38.462401942329286
260	0.0	0.0	38.31502980011018
261	0.0	0.0	38.168782711861844
262	0.0	0.0	38.023647843116144
263	0.0	0.0	37.87961255388842
264	0.0	0.0	37.736664395007516
265	0.0	0.0	37.59479110452853
266	0.0	0.0	37.45398060422631
267	0.0	0.0	37.31422099616731
268	0.0	0.0	37.175500559358085
269	0.0	0.0	37.03780774646816
270	0.0	0.0	36.90113118062549
271	0.0	0.0	36.765459652282665
272	0.0	0.0	36.630782116151956
273	0.0	0.0	36.49708768820748
274	0.0	0.0	36.36436564275283
275	0.0	0.0	36.232605409552406
276	0.0	0.0	36.10179657102494
277	0.0	0.0	35.97192885949756
278	0.0	0.0	35.842992154518946
279	0.0	0.0	35.71497648023005
280	0.0	0.0	35.587872002790974
281	0.0	0.0	35.461669027862605
282	0.0	0.0	35.336357998141644
283	0.0	0.0	35.211929490947725
284	0.0	0.0	35.08837421586132
285	0.0	0.0	34.96568301241124
286	0.0	0.0	34.843846847810454
287	0.0	0.0	34.72285681473911
288	0.0	0.0	34.60270412917356
289	0.0	0.0	34.48338012826034
290	0.0	0.0	34.364876268233985
291	0.0	0.0	34.24718412237758
292	0.0	0.0	34.130295379025206
293	0.0	0.0	34.01420183960498
294	0.0	0.0	33.89889541672208
295	0.0	0.0	33.784368132280505
296	0.0	0.0	33.67061211564286
297	0.0	0.0	33.55761960182715
298	0.0	0.0	33.445382929739786
299	0.0	0.0	33.33389454044392
