1 1.5 1.5
2 3.9375 1.984313483298443
3 13.5 2.381101577952299
4 59.34375 2.7755160725647583
5 324.0 3.177671523146437
6 2122.98046875 3.5850151869981546
7 16213.5 3.994026738532445
8 141115.447265625 4.4024742004211
9 1376311.5 4.809275292142954
10 1.4850124677246094e7 5.2140238091799045
11 1.75490226e8 5.616652296994202
12 2.2530628205925293e9 6.017246113487979
13 3.1217145174e10 6.415950640569956
14 4.641652455250599e11 6.8129273608081204
15 7.3709524476135e12 7.208334094815542
16 1.244902947775221e14 7.602316889383488
17 2.2280288427805365e15 7.995007419186626
18 4.211869282476113e16 8.386522915861581
19 8.385809834576763e17 8.77696717605182
20 1.753906248830001e19 9.166431952310663
21 3.844527685924405e20 9.554998400786644
22 8.813173625065073e21 9.942738441915603
23 2.108787179497315e23 10.329715979485613
24 5.257426543228264e24 10.715987966015192
25 1.3634668601101113e26 11.101605321651068
26 3.672759000967803e27 11.486613721483565
27 1.026149976774513e29 11.871054268250601
28 2.9698682339547425e30 12.254964066877376
29 8.892985709906794e31 12.638376715698687
30 2.7520294973343126e33 13.021322727282733
31 8.792171127499383e34 13.403829889870693
32 2.8969949216563493e36 13.785923578715979
33 9.835689275171175e37 14.167627025100408
34 3.4378574737789093e39 14.548961549523613
35 1.236058629426517e41 14.929946764487822
36 4.567939482322638e42 15.310600751406298
37 1.7338511244213375e44 15.690940215422973
38 6.754766512949932e45 16.070980621317815
39 2.6991579875990276e47 16.450736313165702
40 1.1055855646065139e49 16.83022061999637
41 4.6391929294804525e50 17.209445949355143
42 1.9931077549474163e52 17.58842387037444
43 8.762360334897666e53 17.967165187725016
44 3.939923784140039e55 18.345680007614085
45 1.8109868042029124e57 18.72397779682904
46 8.505448122642691e58 19.102067435683118
47 4.079772918792906e60 19.479957265600003
48 1.9977552168675427e62 19.857655131973203
49 9.982385816870958e63 20.23516842285031
50 5.0878905001062135e65 20.612504103919395
51 2.64414230255672e67 20.98966875021262
52 1.4006005947649938e69 21.36666857488913
53 7.559115906177179e70 21.74350945541356
54 4.155329220209261e72 22.12019695740763
55 2.325806244928556e74 22.49673635641816
56 1.325062401727054e76 22.873132657816175
57 7.68174219462414e77 23.249390615016093
58 4.530167032028128e79 23.625514746182326
59 2.7169062522377114e81 24.00150934957147
60 1.6566091318086857e83 24.377378517641624
61 1.026675891501301e85 24.75312615004583
62 6.465487903219557e86 25.128755965613927
63 4.13632027398037e88 25.504271513415922
64 2.687606170749095e90 25.879676182990075
65 1.7731793713979889e92 26.254973213810317
66 1.1876140899083735e94 26.63016570405998
67 8.073031968822819e95 27.00525661877196
68 5.568555205381533e97 27.380248797389477
69 3.896740586226788e99 27.755144960796255
70 2.7658253272331398e101 28.12994771786032
71 1.9907923487387586e103 28.50465957153122
72 1.4528513887001202e105 28.879282924526745
73 1.0748027883627122e107 29.253820084642097
74 8.058779621378005e108 29.628273269710995
75 6.123015075072315e110 30.002644612245945
76 4.71347934534511e112 30.37693616378228
77 3.675570372574212e114 30.751149898948402
78 2.902974537871483e116 31.12528771928253
79 2.3218136489778425e118 31.499351456815106
80 1.880222194028586e120 31.873342877433476
81 1.5414249151708732e122 32.247263684044874
82 1.2790934416855626e124 32.62111551955206
83 1.074201445461475e126 32.99489996965451
84 9.128745856442703e127 33.36861856548769
85 7.849070493970012e129 33.74227278611135
86 6.82728874053181e131 34.11586406085699
87 6.00680846242493e133 34.48939377154427
88 5.345011141516613e135 34.86286325457476
89 4.8095878801023935e137 35.2362738029113
90 4.3759046387960174e139 35.60962666795037
91 4.025094302011284e141 35.98292306129426
92 3.742666448407583e143 36.35616415642947
93 3.517489175696497e145 36.729351090317444
94 3.341040883396635e147 37.10248496490251
95 3.206860067285681e149 37.47556684854303
96 3.110142250511319e151 37.84859777736952
97 3.047448065752559e153 38.221578756574814
98 3.0164971701007433e155 38.59451076163997
99 3.016030460459487e157 38.967394739500016
100 3.045728894141079e159 39.340231609652584
101 3.1061817691755103e161 39.71302226521348
102 3.198901068656551e163 40.08576757392141
103 3.3263818009104844e165 40.45846837909541
104 3.4922114888767666e167 40.83112550054734
105 3.701235371021831e169 41.20373973545189
106 3.959787775442051e171 41.576311859176776
107 4.2760048645579067e173 41.948842626075006
108 4.6602399461016054e175 42.32133277024127
109 5.125610359300543e177 42.693783006234646
110 5.688715312552966e179 43.066194029769086
111 6.370577979895333e181 43.43856651837386
112 7.197884054119095e183 43.8109011320248
113 8.204614752093519e185 44.18319851374869
114 9.434207708157378e187 44.555459290201505
115 1.0942428137914536e190 44.927684072222306
116 1.2801200591615076e192 45.29987345536365
117 1.5103746364918965e194 45.67202802040011
118 1.797150440088592e196 46.04414833381545
119 2.1563500427294683e198 46.41623494827016
120 2.608909344131207e200 46.78828840304969
121 3.182540433347656e202 47.160309224494725
122 3.914126781802806e204 47.532297926414216
123 4.853031826789518e206 47.90425501048205
124 6.065692905350902e208 48.27618096661799
125 7.642033105650395e210 48.648076273353986
126 9.704457313989942e212 49.01994139818582
127 1.2420540466722552e215 49.391776797911824
128 1.602101811611281e217 49.763582918958114
129 2.0825430737714425e219 50.1353601976919
130 2.7278873066454433e221 50.507109060722854
131 3.600493956478673e223 50.878829925193166
132 4.7882414017519474e225 51.250523199057156
133 6.415695052112225e227 51.622189281350174
134 8.660459062016744e229 51.99382856244816
135 1.177724731419844e232 52.36544142431742
136 1.6133510117374074e234 52.737028240755635
137 2.226245087489172e236 53.108589377624305
138 3.094235065791355e238 53.4801251930728
139 4.3315902201281806e240 53.85163603775459
140 6.107071266047193e242 54.223122255035996
141 8.671381996730267e244 54.5945841811977
142 1.2399146949982334e247 54.96602214562918
143 1.7853452229718877e249 55.337436471016595
144 2.5885619353894333e251 55.70882747352435
145 3.779028834151484e253 56.080195462970465
146 5.55477864581672e255 56.45154074299596
147 8.22049763174704e257 56.8228636112289
148 1.2247696708596975e260 57.194164359442695
149 1.83702950191068e262 57.56544327370936
150 2.7737283214890534e264 57.93670063454794
151 4.215787753646243e266 58.30793671706766
152 6.449733594003384e268 58.67915179110705
153 9.931948897342913e270 59.05034612136817
154 1.5393540459937127e273 59.42151996754672
155 2.4012413636257846e275 59.792673584458136
156 3.769715006236833e277 60.16380722215964
157 5.955784825580073e279 60.534921126068504
158 9.469125087712126e281 60.906015537076506
159 1.5149695270094283e284 61.277090691661265
160 2.4389570845196326e286 61.648146821993656
161 3.950880342806057e288 62.01918415604233
162 6.439564494078826e290 62.39020291767504
163 1.0560285699432848e293 62.761203326756664
164 1.7423493420474356e295 63.13218559924457
165 2.8921395398535816e297 63.503149947281074
166 4.829608459260185e299 63.8740965792832
167 8.113303078628635e301 64.24502570002964
168 1.37107489450545e304 64.61593751074541
169 2.3307041489715457e306 64.98683220918402
170 NaN NaN
171 NaN NaN
172 NaN NaN
173 NaN NaN
174 NaN NaN
175 NaN NaN
176 NaN NaN
177 NaN NaN
178 NaN NaN
179 NaN NaN
180 NaN NaN
181 NaN NaN
182 NaN NaN
183 NaN NaN
184 NaN NaN
185 NaN NaN
186 NaN NaN
187 NaN NaN
188 NaN NaN
189 NaN NaN
190 NaN NaN
191 NaN NaN
192 NaN NaN
193 NaN NaN
194 NaN NaN
195 NaN NaN
196 NaN NaN
197 NaN NaN
198 NaN NaN
199 NaN NaN
200 NaN NaN
201 NaN NaN
202 NaN NaN
203 NaN NaN
204 NaN NaN
205 NaN NaN
206 NaN NaN
207 NaN NaN
208 NaN NaN
209 NaN NaN
210 NaN NaN
211 NaN NaN
212 NaN NaN
213 NaN NaN
214 NaN NaN
215 NaN NaN
216 NaN NaN
217 NaN NaN
218 NaN NaN
219 NaN NaN
220 NaN NaN
221 NaN NaN
222 NaN NaN
223 NaN NaN
224 NaN NaN
225 NaN NaN
226 NaN NaN
227 NaN NaN
228 NaN NaN
229 NaN NaN
230 NaN NaN
231 NaN NaN
232 NaN NaN
233 NaN NaN
234 NaN NaN
235 NaN NaN
236 NaN NaN
237 NaN NaN
238 NaN NaN
239 NaN NaN
240 NaN NaN
241 NaN NaN
242 NaN NaN
243 NaN NaN
244 NaN NaN
245 NaN NaN
246 NaN NaN
247 NaN NaN
248 NaN NaN
249 NaN NaN
250 NaN NaN
251 NaN NaN
252 NaN NaN
253 NaN NaN
254 NaN NaN
255 NaN NaN
256 NaN NaN
257 NaN NaN
258 NaN NaN
259 NaN NaN
260 NaN NaN
261 NaN NaN
262 NaN NaN
263 NaN NaN
264 NaN NaN
265 NaN NaN
266 NaN NaN
267 NaN NaN
268 NaN NaN
269 NaN NaN
270 NaN NaN
271 NaN NaN
272 NaN NaN
273 NaN NaN
274 NaN NaN
275 NaN NaN
276 NaN NaN
277 NaN NaN
278 NaN NaN
279 NaN NaN
280 NaN NaN
281 NaN NaN
282 NaN NaN
283 NaN NaN
284 NaN NaN
285 NaN NaN
286 NaN NaN
287 NaN NaN
288 NaN NaN
289 NaN NaN
290 NaN NaN
291 NaN NaN
292 NaN NaN
293 NaN NaN
294 NaN NaN
295 NaN NaN
296 NaN NaN
297 NaN NaN
298 NaN NaN
299 NaN NaN
300 NaN NaN
301 NaN NaN
302 NaN NaN
303 NaN NaN
304 NaN NaN
305 NaN NaN
306 NaN NaN
307 NaN NaN
308 NaN NaN
309 NaN NaN
310 NaN NaN
311 NaN NaN
312 NaN NaN
313 NaN NaN
314 NaN NaN
315 NaN NaN
316 NaN NaN
317 NaN NaN
318 NaN NaN
319 NaN NaN
320 NaN NaN
321 NaN NaN
322 NaN NaN
323 NaN NaN
324 NaN NaN
325 NaN NaN
326 NaN NaN
327 NaN NaN
328 NaN NaN
329 NaN NaN
330 NaN NaN
331 NaN NaN
332 NaN NaN
333 NaN NaN
334 NaN NaN
335 NaN NaN
336 NaN NaN
337 NaN NaN
338 NaN NaN
339 NaN NaN
340 NaN NaN
341 NaN NaN
342 NaN NaN
343 NaN NaN
344 NaN NaN
345 NaN NaN
346 NaN NaN
347 NaN NaN
348 NaN NaN
349 NaN NaN
350 NaN NaN
351 NaN NaN
352 NaN NaN
353 NaN NaN
354 NaN NaN
355 NaN NaN
356 NaN NaN
357 NaN NaN
358 NaN NaN
359 NaN NaN
360 NaN NaN
361 NaN NaN
362 NaN NaN
363 NaN NaN
364 NaN NaN
365 NaN NaN
366 NaN NaN
367 NaN NaN
368 NaN NaN
369 NaN NaN
370 NaN NaN
371 NaN NaN
372 NaN NaN
373 NaN NaN
374 NaN NaN
375 NaN NaN
376 NaN NaN
377 NaN NaN
378 NaN NaN
379 NaN NaN
380 NaN NaN
381 NaN NaN
382 NaN NaN
383 NaN NaN
384 NaN NaN
385 NaN NaN
386 NaN NaN
387 NaN NaN
388 NaN NaN
389 NaN NaN
390 NaN NaN
391 NaN NaN
392 NaN NaN
393 NaN NaN
394 NaN NaN
395 NaN NaN
396 NaN NaN
397 NaN NaN
398 NaN NaN
399 NaN NaN
400 NaN NaN
401 NaN NaN
402 NaN NaN
403 NaN NaN
404 NaN NaN
405 NaN NaN
406 NaN NaN
407 NaN NaN
408 NaN NaN
409 NaN NaN
410 NaN NaN
411 NaN NaN
412 NaN NaN
413 NaN NaN
414 NaN NaN
415 NaN NaN
416 NaN NaN
417 NaN NaN
418 NaN NaN
419 NaN NaN
420 NaN NaN
421 NaN NaN
422 NaN NaN
423 NaN NaN
424 NaN NaN
425 NaN NaN
426 NaN NaN
427 NaN NaN
428 NaN NaN
429 NaN NaN
430 NaN NaN
431 NaN NaN
432 NaN NaN
433 NaN NaN
434 NaN NaN
435 NaN NaN
436 NaN NaN
437 NaN NaN
438 NaN NaN
439 NaN NaN
440 NaN NaN
441 NaN NaN
442 NaN NaN
443 NaN NaN
444 NaN NaN
445 NaN NaN
446 NaN NaN
447 NaN NaN
448 NaN NaN
449 NaN NaN
450 NaN NaN
451 NaN NaN
452 NaN NaN
453 NaN NaN
454 NaN NaN
455 NaN NaN
456 NaN NaN
457 NaN NaN
458 NaN NaN
459 NaN NaN
460 NaN NaN
461 NaN NaN
462 NaN NaN
463 NaN NaN
464 NaN NaN
465 NaN NaN
466 NaN NaN
467 NaN NaN
468 NaN NaN
469 NaN NaN
470 NaN NaN
471 NaN NaN
472 NaN NaN
473 NaN NaN
474 NaN NaN
475 NaN NaN
476 NaN NaN
477 NaN NaN
478 NaN NaN
479 NaN NaN
480 NaN NaN
481 NaN NaN
482 NaN NaN
483 NaN NaN
484 NaN NaN
485 NaN NaN
486 NaN NaN
487 NaN NaN
488 NaN NaN
489 NaN NaN
490 NaN NaN
491 NaN NaN
492 NaN NaN
493 NaN NaN
494 NaN NaN
495 NaN NaN
496 NaN NaN
497 NaN NaN
498 NaN NaN
499 NaN NaN
500 NaN NaN
501 NaN NaN
502 NaN NaN
503 NaN NaN
504 NaN NaN
505 NaN NaN
506 NaN NaN
507 NaN NaN
508 NaN NaN
509 NaN NaN
510 NaN NaN
511 NaN NaN
512 NaN NaN
513 NaN NaN
514 NaN NaN
515 NaN NaN
516 NaN NaN
517 NaN NaN
518 NaN NaN
519 NaN NaN
520 NaN NaN
521 NaN NaN
522 NaN NaN
523 NaN NaN
524 NaN NaN
525 NaN NaN
526 NaN NaN
527 NaN NaN
528 NaN NaN
529 NaN NaN
530 NaN NaN
531 NaN NaN
532 NaN NaN
533 NaN NaN
534 NaN NaN
535 NaN NaN
536 NaN NaN
537 NaN NaN
538 NaN NaN
539 NaN NaN
540 NaN NaN
541 NaN NaN
542 NaN NaN
543 NaN NaN
544 NaN NaN
545 NaN NaN
546 NaN NaN
547 NaN NaN
548 NaN NaN
549 NaN NaN
550 NaN NaN
551 NaN NaN
552 NaN NaN
553 NaN NaN
554 NaN NaN
555 NaN NaN
556 NaN NaN
557 NaN NaN
558 NaN NaN
559 NaN NaN
560 NaN NaN
561 NaN NaN
562 NaN NaN
563 NaN NaN
564 NaN NaN
565 NaN NaN
566 NaN NaN
567 NaN NaN
568 NaN NaN
569 NaN NaN
570 NaN NaN
571 NaN NaN
572 NaN NaN
573 NaN NaN
574 NaN NaN
575 NaN NaN
576 NaN NaN
577 NaN NaN
578 NaN NaN
579 NaN NaN
580 NaN NaN
581 NaN NaN
582 NaN NaN
583 NaN NaN
584 NaN NaN
585 NaN NaN
586 NaN NaN
587 NaN NaN
588 NaN NaN
589 NaN NaN
590 NaN NaN
591 NaN NaN
592 NaN NaN
593 NaN NaN
594 NaN NaN
595 NaN NaN
596 NaN NaN
597 NaN NaN
598 NaN NaN
599 NaN NaN
600 NaN NaN
601 NaN NaN
602 NaN NaN
603 NaN NaN
604 NaN NaN
605 NaN NaN
606 NaN NaN
607 NaN NaN
608 NaN NaN
609 NaN NaN
610 NaN NaN
611 NaN NaN
612 NaN NaN
613 NaN NaN
614 NaN NaN
615 NaN NaN
616 NaN NaN
617 NaN NaN
618 NaN NaN
619 NaN NaN
620 NaN NaN
621 NaN NaN
622 NaN NaN
623 NaN NaN
624 NaN NaN
625 NaN NaN
626 NaN NaN
627 NaN NaN
628 NaN NaN
629 NaN NaN
630 NaN NaN
631 NaN NaN
632 NaN NaN
633 NaN NaN
634 NaN NaN
635 NaN NaN
636 NaN NaN
637 NaN NaN
638 NaN NaN
639 NaN NaN
640 NaN NaN
641 NaN NaN
642 NaN NaN
643 NaN NaN
644 NaN NaN
645 NaN NaN
646 NaN NaN
647 NaN NaN
648 NaN NaN
649 NaN NaN
650 NaN NaN
651 NaN NaN
652 NaN NaN
653 NaN NaN
654 NaN NaN
655 NaN NaN
656 NaN NaN
657 NaN NaN
658 NaN NaN
659 NaN NaN
660 NaN NaN
661 NaN NaN
662 NaN NaN
663 NaN NaN
664 NaN NaN
665 NaN NaN
666 NaN NaN
667 NaN NaN
668 NaN NaN
669 NaN NaN
670 NaN NaN
671 NaN NaN
672 NaN NaN
673 NaN NaN
674 NaN NaN
675 NaN NaN
676 NaN NaN
677 NaN NaN
678 NaN NaN
679 NaN NaN
680 NaN NaN
681 NaN NaN
682 NaN NaN
683 NaN NaN
684 NaN NaN
685 NaN NaN
686 NaN NaN
687 NaN NaN
688 NaN NaN
689 NaN NaN
690 NaN NaN
691 NaN NaN
692 NaN NaN
693 NaN NaN
694 NaN NaN
695 NaN NaN
696 NaN NaN
697 NaN NaN
698 NaN NaN
699 NaN NaN
700 NaN NaN
701 NaN NaN
702 NaN NaN
703 NaN NaN
704 NaN NaN
705 NaN NaN
706 NaN NaN
707 NaN NaN
708 NaN NaN
709 NaN NaN
710 NaN NaN
711 NaN NaN
712 NaN NaN
713 NaN NaN
714 NaN NaN
715 NaN NaN
716 NaN NaN
717 NaN NaN
718 NaN NaN
719 NaN NaN
720 NaN NaN
721 NaN NaN
722 NaN NaN
723 NaN NaN
724 NaN NaN
725 NaN NaN
726 NaN NaN
727 NaN NaN
728 NaN NaN
729 NaN NaN
730 NaN NaN
731 NaN NaN
732 NaN NaN
733 NaN NaN
734 NaN NaN
735 NaN NaN
736 NaN NaN
737 NaN NaN
738 NaN NaN
739 NaN NaN
740 NaN NaN
741 NaN NaN
742 NaN NaN
743 NaN NaN
744 NaN NaN
745 NaN NaN
746 NaN NaN
747 NaN NaN
748 NaN NaN
749 NaN NaN
750 NaN NaN
751 NaN NaN
752 NaN NaN
753 NaN NaN
754 NaN NaN
755 NaN NaN
756 NaN NaN
757 NaN NaN
758 NaN NaN
759 NaN NaN
760 NaN NaN
761 NaN NaN
762 NaN NaN
763 NaN NaN
764 NaN NaN
765 NaN NaN
766 NaN NaN
767 NaN NaN
768 NaN NaN
769 NaN NaN
770 NaN NaN
771 NaN NaN
772 NaN NaN
773 NaN NaN
774 NaN NaN
775 NaN NaN
776 NaN NaN
777 NaN NaN
778 NaN NaN
779 NaN NaN
780 NaN NaN
781 NaN NaN
782 NaN NaN
783 NaN NaN
784 NaN NaN
785 NaN NaN
786 NaN NaN
787 NaN NaN
788 NaN NaN
789 NaN NaN
790 NaN NaN
791 NaN NaN
792 NaN NaN
793 NaN NaN
794 NaN NaN
795 NaN NaN
796 NaN NaN
797 NaN NaN
798 NaN NaN
799 NaN NaN
800 NaN NaN
801 NaN NaN
802 NaN NaN
803 NaN NaN
804 NaN NaN
805 NaN NaN
806 NaN NaN
807 NaN NaN
808 NaN NaN
809 NaN NaN
810 NaN NaN
811 NaN NaN
812 NaN NaN
813 NaN NaN
814 NaN NaN
815 NaN NaN
816 NaN NaN
817 NaN NaN
818 NaN NaN
819 NaN NaN
820 NaN NaN
821 NaN NaN
822 NaN NaN
823 NaN NaN
824 NaN NaN
825 NaN NaN
826 NaN NaN
827 NaN NaN
828 NaN NaN
829 NaN NaN
830 NaN NaN
831 NaN NaN
832 NaN NaN
833 NaN NaN
834 NaN NaN
835 NaN NaN
836 NaN NaN
837 NaN NaN
838 NaN NaN
839 NaN NaN
840 NaN NaN
841 NaN NaN
842 NaN NaN
843 NaN NaN
844 NaN NaN
845 NaN NaN
846 NaN NaN
847 NaN NaN
848 NaN NaN
849 NaN NaN
850 NaN NaN
851 NaN NaN
852 NaN NaN
853 NaN NaN
854 NaN NaN
855 NaN NaN
856 NaN NaN
857 NaN NaN
858 NaN NaN
859 NaN NaN
860 NaN NaN
861 NaN NaN
862 NaN NaN
863 NaN NaN
864 NaN NaN
865 NaN NaN
866 NaN NaN
867 NaN NaN
868 NaN NaN
869 NaN NaN
870 NaN NaN
871 NaN NaN
872 NaN NaN
873 NaN NaN
874 NaN NaN
875 NaN NaN
876 NaN NaN
877 NaN NaN
878 NaN NaN
879 NaN NaN
880 NaN NaN
881 NaN NaN
882 NaN NaN
883 NaN NaN
884 NaN NaN
885 NaN NaN
886 NaN NaN
887 NaN NaN
888 NaN NaN
889 NaN NaN
890 NaN NaN
891 NaN NaN
892 NaN NaN
893 NaN NaN
894 NaN NaN
895 NaN NaN
896 NaN NaN
897 NaN NaN
898 NaN NaN
899 NaN NaN
900 NaN NaN
901 NaN NaN
902 NaN NaN
903 NaN NaN
904 NaN NaN
905 NaN NaN
906 NaN NaN
907 NaN NaN
908 NaN NaN
909 NaN NaN
910 NaN NaN
911 NaN NaN
912 NaN NaN
913 NaN NaN
914 NaN NaN
915 NaN NaN
916 NaN NaN
917 NaN NaN
918 NaN NaN
919 NaN NaN
920 NaN NaN
921 NaN NaN
922 NaN NaN
923 NaN NaN
924 NaN NaN
925 NaN NaN
926 NaN NaN
927 NaN NaN
928 NaN NaN
929 NaN NaN
930 NaN NaN
931 NaN NaN
932 NaN NaN
933 NaN NaN
934 NaN NaN
935 NaN NaN
936 NaN NaN
937 NaN NaN
938 NaN NaN
939 NaN NaN
940 NaN NaN
941 NaN NaN
942 NaN NaN
943 NaN NaN
944 NaN NaN
945 NaN NaN
946 NaN NaN
947 NaN NaN
948 NaN NaN
949 NaN NaN
950 NaN NaN
951 NaN NaN
952 NaN NaN
953 NaN NaN
954 NaN NaN
955 NaN NaN
956 NaN NaN
957 NaN NaN
958 NaN NaN
959 NaN NaN
960 NaN NaN
961 NaN NaN
962 NaN NaN
963 NaN NaN
964 NaN NaN
965 NaN NaN
966 NaN NaN
967 NaN NaN
968 NaN NaN
969 NaN NaN
970 NaN NaN
971 NaN NaN
972 NaN NaN
973 NaN NaN
974 NaN NaN
975 NaN NaN
976 NaN NaN
977 NaN NaN
978 NaN NaN
979 NaN NaN
980 NaN NaN
981 NaN NaN
982 NaN NaN
983 NaN NaN
984 NaN NaN
985 NaN NaN
986 NaN NaN
987 NaN NaN
988 NaN NaN
989 NaN NaN
990 NaN NaN
991 NaN NaN
992 NaN NaN
993 NaN NaN
994 NaN NaN
995 NaN NaN
996 NaN NaN
997 NaN NaN
998 NaN NaN
999 NaN NaN
1000 NaN NaN
