1 0.18749999999999997 0.18749999999999997 1.0774960475223583
2 0.17401455943262686 0.417150523711318 0.8249579113843056
3 0.21093749999999986 0.5952753944880746 0.6434336587100339
4 0.3278310003596808 0.7566804348171438 0.5180539264943109
5 0.6328124999999994 0.9125465128398085 0.4316621852660488
6 1.4659901228317567 1.065831391942754 0.3703515923840554
7 3.9583740234374956 1.2171932823822045 0.32497294999002785
8 12.180626183068352 1.366811744561227 0.2900032142191534
9 42.00169372558587 1.5148267938275555 0.26213899635905435
10 160.22680451578347 1.6613973642714766 0.23934378797247444
11 669.442085266112 1.806687338716621 0.2203051378814648
12 3038.7039163213044 1.950850692510317 0.20413858986787403
13 14885.494791984527 2.094024653298205 0.19022410880289453
14 78252.40914866635 2.2363282563822353 0.1781123376033473
15 439343.00229629764 2.377863465400769 0.1674684912209613
16 2623436.7975323764 2.5187172286807944 0.15803732867163603
17 1.6600108465407271e7 2.6589636937818537 0.14962043669913147
18 1.109481353726301e8 2.798666256500581 0.14206100018295928
19 7.809894005373807e8 2.937879337082088 0.1352332943388654
20 5.7751266384178295e9 3.0766498719446753 0.12903525253869533
21 4.475619278294491e10 3.2150185470551498 0.12338309502697446
22 3.627416930427961e11 3.3530208105882546 0.11820737331196159
23 3.068689227071165e12 3.4906877026831906 0.11345000847400816
24 2.7048823251293223e13 3.628046535971266 0.10906204086270586
25 2.4801317706262234e14 3.7651214552419847 0.10500189775075758
26 2.361987567608824e15 3.9019338994712136 0.10123404391282029
27 2.3331949177520724e16 4.038502984940694 9.772791921148026e-2
28 2.3874394713174125e17 4.174845824442284 9.445709398230549e-2
29 2.5275385581570483e18 4.3109777945357415 9.139859157121913e-2
30 2.765402086297526e19 4.446912760414787 8.853234048204711e-2
31 3.123606663102173e20 4.582663266023192 8.58407279782573e-2
32 3.6388399034702443e21 4.718240695551178 8.330823379454697e-2
33 4.36792347854148e22 4.853655411248445 8.092112761699218e-2
34 5.397754093609891e23 4.9889168715455 7.866721770600082e-2
35 6.86150375087963e24 5.124033732725517 7.653564082396544e-2
36 8.965109166148254e25 5.259013936792311 7.451668574089615e-2
37 1.2031008997529845e27 5.393864787703166 7.260164420462394e-2
38 1.6571262440863012e28 5.5285930177524625 7.078268450506506e-2
39 2.3411463632291606e29 5.6632048455834845 6.905274372696392e-2
40 3.3903741355826577e30 5.797706027055848 6.740543554008001e-2
41 5.0298230527220675e31 5.932101899992802 6.583497096984321e-2
42 7.640047498503584e32 6.066397423666541 6.433609006221144e-2
43 1.1875212638996001e34 6.200597213743406 6.290400273170302e-2
44 1.8878310001425406e35 6.334705573298603 6.153433738242597e-2
45 3.067930980405259e36 6.468726520417177 6.022309613445065e-2
46 5.09427641108981e37 6.602663812820782 5.8966615684389545e-2
47 8.639255198833528e38 6.7365209698954756 5.7761532989073334e-2
48 1.4956762315272697e40 6.870301292441879 5.660475509213041e-2
49 2.642315524716773e41 7.004007880423836 5.54934325208651e-2
50 4.761492314830737e42 7.137643648953511 5.442493576962156e-2
51 8.748732998024897e43 7.271211342718654 5.3396834459399425e-2
52 1.6384366389129385e45 7.404713549030372 5.2406878824700756e-2
53 3.126377062815463e46 7.538152709646387 5.145298322970233e-2
54 6.076182305811756e47 7.671531131504984 5.053321145868425e-2
55 1.202413646474778e49 7.804850996487645 4.964576356167013e-2
56 2.421986409738941e50 7.938114370313894 4.8788964066627485e-2
57 4.964209542205924e51 8.07132321065914 4.7961251395304716e-2
58 1.0350458751149074e53 8.204479374575518 4.716116834162382e-2
59 2.1946993925538304e54 8.337584625286237 4.6387353490147935e-2
60 4.731245107613125e55 8.470640638415817 4.563853346802763e-2
61 1.0366777256170225e57 8.603649007711446 4.491351593743204e-2
62 2.3081642663228452e58 8.736611250304508 4.4211183247149476e-2
63 5.22077016898584e59 8.869528811555922 4.353048667209611e-2
64 1.1993365037043007e61 9.002403069524137 4.287044117814624e-2
65 2.7975837680804597e62 9.135235339090507 4.22301206572028e-2
66 6.624617037657698e63 9.26802687577311 4.160865358393241e-2
67 1.5921248267009194e65 9.400778879256787 4.100521905124422e-2
68 3.882737035769132e66 9.533492496664397 4.0419043146515135e-2
69 9.606207207069659e67 9.666168825591688 3.984939563486096e-2
70 2.4106280795551086e69 9.798808916926037 3.929558691951143e-2
71 6.134602555988697e70 9.931413777467236 3.875696525263896e-2
72 1.5828387274390612e72 10.063984372366786 3.823291417288207e-2
73 4.139989748837249e73 10.196521627400594 3.77228501483468e-2
74 1.0974753319424576e75 10.329026431088526 3.7226220406109616e-2
75 2.9481245207540285e76 10.461499636673034 3.6742500931223124e-2
76 8.023744835095764e77 10.59394206396801 3.627119461997417e-2
77 2.2121534510134858e79 10.726354501087888 3.5811829573692965e-2
78 6.177158434369723e80 10.858737706066194 3.536395752078549e-2
79 1.7467384499427252e82 10.991092408371998 3.492715235588277e-2
80 5.001090361288851e83 11.123419310331792 3.45010087860862e-2
81 1.449549024000053e85 11.255719088463882 3.408514107525741e-2
82 4.252730011589386e86 11.387992394731638 3.3679181878164335e-2
83 1.2627177307850859e88 11.520239857721437 3.3282781157068696e-2
84 3.793906899865266e89 11.652462083750724 3.28956051740304e-2
85 1.1533172531084439e91 11.784659657911071 3.251733555282511e-2
86 3.546776614691739e92 11.916833145050747 3.2147668404926694e-2
87 1.1032764709456155e94 12.048983090701016 3.178631351450631e-2
88 3.470916721569847e95 12.18111002194994 3.1432993577849615e-2
89 1.1042272232116488e97 12.313214448267246 3.108744349299854e-2
90 3.5520039576761626e98 12.445296862283508 3.074940969578963e-2
91 1.1551454134622043e100 12.577357740526635 3.0418649538790633e-2
92 3.797490786003283e101 12.709397544118465 3.009493070993571e-2
93 1.2618373581267485e103 12.841416719434052 2.9778030687929145e-2
94 4.2374775261355624e104 12.973415698725912 2.9467736231732433e-2
95 1.4380057880294246e106 13.10539490071563 2.916384290167117e-2
96 4.930782931720644e107 13.237354731154666 2.8866154609899903e-2
97 1.7081537178594576e109 13.369295583356383 2.857448319814595e-2
98 5.9778989037684187e110 13.501217838701015 2.828864804081998e-2
99 2.1131794262993496e112 13.633121867115236 2.800847567173264e-2
100 7.544785553724586e113 13.765008027527774 2.7733799432795168e-2
101 2.7204298394120826e115 13.896876668302626 2.7464459143207685e-2
102 9.90527366742221e116 14.028728127651046 2.7200300787754494e-2
103 3.6416044604482977e118 14.160562734023632 2.694117622293093e-2
104 1.3516872575699768e120 14.29238080648363 2.6686942899722618e-2
105 5.064976017106951e121 14.424182655062491 2.6437463601946456e-2
106 1.9158328095945037e123 14.555968581098776 2.61926061991434e-2
107 7.314403137390578e124 14.687738877561246 2.5952243413087456e-2
108 2.818408806115774e126 14.81949382935703 2.571625259704338e-2
109 1.0959640388817029e128 14.951233713625754 2.5484515526968104e-2
110 4.3005096083617404e129 15.0829588000203 2.5256918203908667e-2
111 1.7027056007554435e131 15.214669350975042 2.5033350666902276e-2
112 6.801748688826811e132 15.34636562196205 2.481370681573285e-2
113 2.741125596162134e134 15.478047861736101 2.4597884242943506e-2
114 1.1143745409520299e136 15.60971631256891 2.4385784074545898e-2
115 4.569771214021468e137 15.741371210473272 2.417731081890547e-2
116 1.8901073193169736e139 15.87301278541753 2.397237222331714e-2
117 7.884523491081655e140 16.004641261530974 2.3770879137818626e-2
118 3.316883420831356e142 16.1362568573005 2.3572745385818814e-2
119 1.4070840568391189e144 16.26785978575913 2.3377887641146417e-2
120 6.018867394856371e145 16.399450254666604 2.3186225311150405e-2
121 2.5958806636636363e147 16.53102846668264 2.2997680425507247e-2
122 1.1287576032165776e149 16.662594619533035 2.281217753041274e-2
123 4.948048478545025e150 16.794148906169127 2.2629643587856428e-2
124 2.186533985537562e152 16.925691514920775 2.2450007879696143e-2
125 9.739568900174285e153 17.05722262964333 2.2273201916267762e-2
126 4.372774483340341e155 17.188742429858692 2.2099159349282003e-2
127 1.9787062549428658e157 17.320251090890952 2.192781588877545e-2
128 9.02372705507683e158 17.45174878399667 2.1759109223897278e-2
129 4.1471031567626775e160 17.583235676490176 2.159297894732661e-2
130 1.920579447087417e162 17.714711931864066 2.1429366483127727e-2
131 8.962371559605241e163 17.84617770990508 2.1268215017862153e-2
132 4.213974492959646e165 17.977633166805695 2.1109469434787326e-2
133 1.99624841636959e167 18.109078455271423 2.09530762509816e-2
134 9.527233101516874e168 18.24051372462425 2.079898355724499e-2
135 4.580624372962791e170 18.371939120902166 2.0647140960633602e-2
136 2.218527195458361e172 18.503354786955086 2.0497499529494135e-2
137 1.082340405602201e174 18.63476086253732 2.0350011740872444e-2
138 5.318623003191442e175 18.76615748439665 2.0204631430177384e-2
139 2.6323781364542057e177 18.89754478636025 2.006131374298784e-2
140 1.312166376628409e179 19.02892289941754 1.9920015088897312e-2
141 6.587175615945003e180 19.16029195180016 1.978069309729619e-2
142 3.3301035426536186e182 19.291652069059058 1.9643306574997486e-2
143 1.695286651429786e184 19.423003374138958 1.950781546561691e-2
144 8.690294689417058e185 19.554345987450258 1.9374180810623268e-2
145 4.485503038483045e187 19.68568002693843 1.924236471197939e-2
146 2.33105603475574e189 19.81700560815105 1.911233029629852e-2
147 1.2196608150954753e191 19.94832284430261 1.8984041680444794e-2
148 6.424663597066537e192 20.07963184633709 1.885746393851037e-2
149 3.4069605637406023e194 20.21093272298848 1.8732563070105485e-2
150 1.8187370041089725e196 20.3422255808393 1.8609305969900774e-2
151 9.773266166135641e197 20.47351052437714 1.8487660398364646e-2
152 5.286372615866608e199 20.60478765604942 1.836759495364131e-2
153 2.878097338932555e201 20.736057076316328 1.82490790445179e-2
154 1.5771192244340393e203 20.86731888370203 1.8132082864431878e-2
155 8.697948471919551e204 20.99857317484428 1.8016577366472167e-2
156 4.827747410063546e206 21.129820044542463 1.7902534239330137e-2
157 2.6966838021498943e208 21.261059585804023 1.778992588415848e-2
158 1.515848812248976e210 21.39229188988952 1.7678725392298235e-2
159 8.57442365674936e211 21.523517046356265 1.75689065238363e-2
160 4.8804537978024774e213 21.65473514310054 1.7460443686957417e-2
161 2.7951487861949772e215 21.785946266398586 1.7353311918056537e-2
162 1.6107292944389236e217 21.917150500946303 1.724748686257913e-2
163 9.338921706521949e218 22.048347929897723 1.714294475655846e-2
164 5.447676486823603e220 22.17953863490231 1.703966240882049e-2
165 3.1970565825316136e222 22.31072269614121 1.693761718382841e-2
166 1.8875480227431747e224 22.44190019236233 1.6836786985140094e-2
167 1.1210856468096303e226 22.57307120091439 1.6737150239453085e-2
168 6.6981871511614255e227 22.704235797780004 1.6638685881212978e-2
169 4.0256707765151467e229 22.835394057607783 1.6541373337761994e-2
170 2.4336980335997967e231 22.966546053743425 1.6445192515005907e-2
171 1.47988418583674e233 23.09769185826 1.635012378357823e-2
172 9.051210898617837e234 23.22883154198732 1.625614796548165e-2
173 5.567869410291542e236 23.359965174540413 1.6163246321187687e-2
174 3.4447717368464947e238 23.491092824347305 1.6071400537176272e-2
175 2.1434172640262858e240 23.622214558675875 1.598059271389791e-2
176 1.341262681804168e242 23.753330443660047 1.5890805354141686e-2
177 8.440495317341417e243 23.8844405443252 1.580202135179337e-2
178 5.341402298753067e245 24.015544924612914 1.5714223980968386e-2
179 3.399087543376039e247 24.146643647404964 1.562739688550508e-2
180 2.1750823686629495e249 24.27773677454669 1.5541524068804555e-2
181 1.3995296465350167e251 24.40882436686973 1.5456589884003695e-2
182 9.054582265803762e252 24.539906484214157 1.537257902446876e-2
183 5.890086661055019e254 24.67098318544988 1.5289476514597403e-2
184 3.8523795470901475e256 24.80205452849769 1.5207267700917463e-2
185 2.5332489851926072e258 24.933120570349537 1.51259382434715e-2
186 1.6747714716381193e260 25.06418136708836 1.5045474107476345e-2
187 1.1131397120984692e262 25.195236973907384 1.4965861555247522e-2
188 7.437859210371794e263 25.326287445128937 1.4887087138378769e-2
189 4.9961816849967e265 25.45733283422264 1.4809137690167302e-2
190 3.3737154650901604e267 25.588373193823315 1.4732000318275868e-2
191 2.2900593213434012e269 25.719408575748254 1.4655662397622985e-2
192 1.5625764699075137e271 25.85043903101414 1.4580111563493153e-2
193 1.0717177732850943e273 25.981464609853543 1.4505335704859082e-2
194 7.388438262246381e274 26.112485361730872 1.4431322957908456e-2
195 5.119723454180943e276 26.243501335358093 1.4358061699767874e-2
196 3.565748330962885e278 26.374512578709897 1.4285540542417034e-2
197 2.4960541887619607e280 26.505519139038594 1.4213748326786473e-2
198 1.7560844130453822e282 26.63652106288856 1.4142674117032414e-2
199 1.2416919166160246e284 26.76751839611032 1.4072307194982559e-2
200 8.823655562740602e285 26.8985111838744 1.400263705474693e-2
201 6.301424173348377e287 27.029499470684677 1.3933653397487998e-2
202 4.522449348771957e289 27.160483300391498 1.3865346126344711e-2
203 3.261692357018858e291 27.291462716204435 1.3797705341505099e-2
204 2.363938260956558e293 27.42243776070477 1.3730721335422464e-2
205 1.7216417136498714e295 27.55340847585764 1.366438458817023e-2
206 1.2599482271161785e297 27.68437490302389 1.3598685762930851e-2
207 9.265220544699377e298 27.8153370829717 1.3533615701614259e-2
208 6.846079236308035e300 27.946295055887827 1.3469165420601503e-2
209 5.0827790902595536e302 28.07724886138866 1.3405326106609492e-2
210 3.7916116697478106e304 28.208198538531065 1.3342089112672765e-2
211 2.841842561332026e306 28.33914412582277 NaN
212 NaN NaN NaN
213 NaN NaN NaN
214 NaN NaN NaN
215 NaN NaN NaN
216 NaN NaN NaN
217 NaN NaN NaN
218 NaN NaN NaN
219 NaN NaN NaN
220 NaN NaN NaN
221 NaN NaN NaN
222 NaN NaN NaN
223 NaN NaN NaN
224 NaN NaN NaN
225 NaN NaN NaN
226 NaN NaN NaN
227 NaN NaN NaN
228 NaN NaN NaN
229 NaN NaN NaN
230 NaN NaN NaN
231 NaN NaN NaN
232 NaN NaN NaN
233 NaN NaN NaN
234 NaN NaN NaN
235 NaN NaN NaN
236 NaN NaN NaN
237 NaN NaN NaN
238 NaN NaN NaN
239 NaN NaN NaN
240 NaN NaN NaN
241 NaN NaN NaN
242 NaN NaN NaN
243 NaN NaN NaN
244 NaN NaN NaN
245 NaN NaN NaN
246 NaN NaN NaN
247 NaN NaN NaN
248 NaN NaN NaN
249 NaN NaN NaN
250 NaN NaN NaN
251 NaN NaN NaN
252 NaN NaN NaN
253 NaN NaN NaN
254 NaN NaN NaN
255 NaN NaN NaN
256 NaN NaN NaN
257 NaN NaN NaN
258 NaN NaN NaN
259 NaN NaN NaN
260 NaN NaN NaN
261 NaN NaN NaN
262 NaN NaN NaN
263 NaN NaN NaN
264 NaN NaN NaN
265 NaN NaN NaN
266 NaN NaN NaN
267 NaN NaN NaN
268 NaN NaN NaN
269 NaN NaN NaN
270 NaN NaN NaN
271 NaN NaN NaN
272 NaN NaN NaN
273 NaN NaN NaN
274 NaN NaN NaN
275 NaN NaN NaN
276 NaN NaN NaN
277 NaN NaN NaN
278 NaN NaN NaN
279 NaN NaN NaN
280 NaN NaN NaN
281 NaN NaN NaN
282 NaN NaN NaN
283 NaN NaN NaN
284 NaN NaN NaN
285 NaN NaN NaN
286 NaN NaN NaN
287 NaN NaN NaN
288 NaN NaN NaN
289 NaN NaN NaN
290 NaN NaN NaN
291 NaN NaN NaN
292 NaN NaN NaN
293 NaN NaN NaN
294 NaN NaN NaN
295 NaN NaN NaN
296 NaN NaN NaN
297 NaN NaN NaN
298 NaN NaN NaN
299 NaN NaN NaN
300 NaN NaN NaN
301 NaN NaN NaN
302 NaN NaN NaN
303 NaN NaN NaN
304 NaN NaN NaN
305 NaN NaN NaN
306 NaN NaN NaN
307 NaN NaN NaN
308 NaN NaN NaN
309 NaN NaN NaN
310 NaN NaN NaN
311 NaN NaN NaN
312 NaN NaN NaN
313 NaN NaN NaN
314 NaN NaN NaN
315 NaN NaN NaN
316 NaN NaN NaN
317 NaN NaN NaN
318 NaN NaN NaN
319 NaN NaN NaN
320 NaN NaN NaN
321 NaN NaN NaN
322 NaN NaN NaN
323 NaN NaN NaN
324 NaN NaN NaN
325 NaN NaN NaN
326 NaN NaN NaN
327 NaN NaN NaN
328 NaN NaN NaN
329 NaN NaN NaN
330 NaN NaN NaN
331 NaN NaN NaN
332 NaN NaN NaN
333 NaN NaN NaN
334 NaN NaN NaN
335 NaN NaN NaN
336 NaN NaN NaN
337 NaN NaN NaN
338 NaN NaN NaN
339 NaN NaN NaN
340 NaN NaN NaN
341 NaN NaN NaN
342 NaN NaN NaN
343 NaN NaN NaN
344 NaN NaN NaN
345 NaN NaN NaN
346 NaN NaN NaN
347 NaN NaN NaN
348 NaN NaN NaN
349 NaN NaN NaN
350 NaN NaN NaN
351 NaN NaN NaN
352 NaN NaN NaN
353 NaN NaN NaN
354 NaN NaN NaN
355 NaN NaN NaN
356 NaN NaN NaN
357 NaN NaN NaN
358 NaN NaN NaN
359 NaN NaN NaN
360 NaN NaN NaN
361 NaN NaN NaN
362 NaN NaN NaN
363 NaN NaN NaN
364 NaN NaN NaN
365 NaN NaN NaN
366 NaN NaN NaN
367 NaN NaN NaN
368 NaN NaN NaN
369 NaN NaN NaN
370 NaN NaN NaN
371 NaN NaN NaN
372 NaN NaN NaN
373 NaN NaN NaN
374 NaN NaN NaN
375 NaN NaN NaN
376 NaN NaN NaN
377 NaN NaN NaN
378 NaN NaN NaN
379 NaN NaN NaN
380 NaN NaN NaN
381 NaN NaN NaN
382 NaN NaN NaN
383 NaN NaN NaN
384 NaN NaN NaN
385 NaN NaN NaN
386 NaN NaN NaN
387 NaN NaN NaN
388 NaN NaN NaN
389 NaN NaN NaN
390 NaN NaN NaN
391 NaN NaN NaN
392 NaN NaN NaN
393 NaN NaN NaN
394 NaN NaN NaN
395 NaN NaN NaN
396 NaN NaN NaN
397 NaN NaN NaN
398 NaN NaN NaN
399 NaN NaN NaN
400 NaN NaN NaN
401 NaN NaN NaN
402 NaN NaN NaN
403 NaN NaN NaN
404 NaN NaN NaN
405 NaN NaN NaN
406 NaN NaN NaN
407 NaN NaN NaN
408 NaN NaN NaN
409 NaN NaN NaN
410 NaN NaN NaN
411 NaN NaN NaN
412 NaN NaN NaN
413 NaN NaN NaN
414 NaN NaN NaN
415 NaN NaN NaN
416 NaN NaN NaN
417 NaN NaN NaN
418 NaN NaN NaN
419 NaN NaN NaN
420 NaN NaN NaN
421 NaN NaN NaN
422 NaN NaN NaN
423 NaN NaN NaN
424 NaN NaN NaN
425 NaN NaN NaN
426 NaN NaN NaN
427 NaN NaN NaN
428 NaN NaN NaN
429 NaN NaN NaN
430 NaN NaN NaN
431 NaN NaN NaN
432 NaN NaN NaN
433 NaN NaN NaN
434 NaN NaN NaN
435 NaN NaN NaN
436 NaN NaN NaN
437 NaN NaN NaN
438 NaN NaN NaN
439 NaN NaN NaN
440 NaN NaN NaN
441 NaN NaN NaN
442 NaN NaN NaN
443 NaN NaN NaN
444 NaN NaN NaN
445 NaN NaN NaN
446 NaN NaN NaN
447 NaN NaN NaN
448 NaN NaN NaN
449 NaN NaN NaN
450 NaN NaN NaN
451 NaN NaN NaN
452 NaN NaN NaN
453 NaN NaN NaN
454 NaN NaN NaN
455 NaN NaN NaN
456 NaN NaN NaN
457 NaN NaN NaN
458 NaN NaN NaN
459 NaN NaN NaN
460 NaN NaN NaN
461 NaN NaN NaN
462 NaN NaN NaN
463 NaN NaN NaN
464 NaN NaN NaN
465 NaN NaN NaN
466 NaN NaN NaN
467 NaN NaN NaN
468 NaN NaN NaN
469 NaN NaN NaN
470 NaN NaN NaN
471 NaN NaN NaN
472 NaN NaN NaN
473 NaN NaN NaN
474 NaN NaN NaN
475 NaN NaN NaN
476 NaN NaN NaN
477 NaN NaN NaN
478 NaN NaN NaN
479 NaN NaN NaN
480 NaN NaN NaN
481 NaN NaN NaN
482 NaN NaN NaN
483 NaN NaN NaN
484 NaN NaN NaN
485 NaN NaN NaN
486 NaN NaN NaN
487 NaN NaN NaN
488 NaN NaN NaN
489 NaN NaN NaN
490 NaN NaN NaN
491 NaN NaN NaN
492 NaN NaN NaN
493 NaN NaN NaN
494 NaN NaN NaN
495 NaN NaN NaN
496 NaN NaN NaN
497 NaN NaN NaN
498 NaN NaN NaN
499 NaN NaN NaN
500 NaN NaN NaN
501 NaN NaN NaN
502 NaN NaN NaN
503 NaN NaN NaN
504 NaN NaN NaN
505 NaN NaN NaN
506 NaN NaN NaN
507 NaN NaN NaN
508 NaN NaN NaN
509 NaN NaN NaN
510 NaN NaN NaN
511 NaN NaN NaN
512 NaN NaN NaN
513 NaN NaN NaN
514 NaN NaN NaN
515 NaN NaN NaN
516 NaN NaN NaN
517 NaN NaN NaN
518 NaN NaN NaN
519 NaN NaN NaN
520 NaN NaN NaN
521 NaN NaN NaN
522 NaN NaN NaN
523 NaN NaN NaN
524 NaN NaN NaN
525 NaN NaN NaN
526 NaN NaN NaN
527 NaN NaN NaN
528 NaN NaN NaN
529 NaN NaN NaN
530 NaN NaN NaN
531 NaN NaN NaN
532 NaN NaN NaN
533 NaN NaN NaN
534 NaN NaN NaN
535 NaN NaN NaN
536 NaN NaN NaN
537 NaN NaN NaN
538 NaN NaN NaN
539 NaN NaN NaN
540 NaN NaN NaN
541 NaN NaN NaN
542 NaN NaN NaN
543 NaN NaN NaN
544 NaN NaN NaN
545 NaN NaN NaN
546 NaN NaN NaN
547 NaN NaN NaN
548 NaN NaN NaN
549 NaN NaN NaN
550 NaN NaN NaN
551 NaN NaN NaN
552 NaN NaN NaN
553 NaN NaN NaN
554 NaN NaN NaN
555 NaN NaN NaN
556 NaN NaN NaN
557 NaN NaN NaN
558 NaN NaN NaN
559 NaN NaN NaN
560 NaN NaN NaN
561 NaN NaN NaN
562 NaN NaN NaN
563 NaN NaN NaN
564 NaN NaN NaN
565 NaN NaN NaN
566 NaN NaN NaN
567 NaN NaN NaN
568 NaN NaN NaN
569 NaN NaN NaN
570 NaN NaN NaN
571 NaN NaN NaN
572 NaN NaN NaN
573 NaN NaN NaN
574 NaN NaN NaN
575 NaN NaN NaN
576 NaN NaN NaN
577 NaN NaN NaN
578 NaN NaN NaN
579 NaN NaN NaN
580 NaN NaN NaN
581 NaN NaN NaN
582 NaN NaN NaN
583 NaN NaN NaN
584 NaN NaN NaN
585 NaN NaN NaN
586 NaN NaN NaN
587 NaN NaN NaN
588 NaN NaN NaN
589 NaN NaN NaN
590 NaN NaN NaN
591 NaN NaN NaN
592 NaN NaN NaN
593 NaN NaN NaN
594 NaN NaN NaN
595 NaN NaN NaN
596 NaN NaN NaN
597 NaN NaN NaN
598 NaN NaN NaN
599 NaN NaN NaN
600 NaN NaN NaN
601 NaN NaN NaN
602 NaN NaN NaN
603 NaN NaN NaN
604 NaN NaN NaN
605 NaN NaN NaN
606 NaN NaN NaN
607 NaN NaN NaN
608 NaN NaN NaN
609 NaN NaN NaN
610 NaN NaN NaN
611 NaN NaN NaN
612 NaN NaN NaN
613 NaN NaN NaN
614 NaN NaN NaN
615 NaN NaN NaN
616 NaN NaN NaN
617 NaN NaN NaN
618 NaN NaN NaN
619 NaN NaN NaN
620 NaN NaN NaN
621 NaN NaN NaN
622 NaN NaN NaN
623 NaN NaN NaN
624 NaN NaN NaN
625 NaN NaN NaN
626 NaN NaN NaN
627 NaN NaN NaN
628 NaN NaN NaN
629 NaN NaN NaN
630 NaN NaN NaN
631 NaN NaN NaN
632 NaN NaN NaN
633 NaN NaN NaN
634 NaN NaN NaN
635 NaN NaN NaN
636 NaN NaN NaN
637 NaN NaN NaN
638 NaN NaN NaN
639 NaN NaN NaN
640 NaN NaN NaN
641 NaN NaN NaN
642 NaN NaN NaN
643 NaN NaN NaN
644 NaN NaN NaN
645 NaN NaN NaN
646 NaN NaN NaN
647 NaN NaN NaN
648 NaN NaN NaN
649 NaN NaN NaN
650 NaN NaN NaN
651 NaN NaN NaN
652 NaN NaN NaN
653 NaN NaN NaN
654 NaN NaN NaN
655 NaN NaN NaN
656 NaN NaN NaN
657 NaN NaN NaN
658 NaN NaN NaN
659 NaN NaN NaN
660 NaN NaN NaN
661 NaN NaN NaN
662 NaN NaN NaN
663 NaN NaN NaN
664 NaN NaN NaN
665 NaN NaN NaN
666 NaN NaN NaN
667 NaN NaN NaN
668 NaN NaN NaN
669 NaN NaN NaN
670 NaN NaN NaN
671 NaN NaN NaN
672 NaN NaN NaN
673 NaN NaN NaN
674 NaN NaN NaN
675 NaN NaN NaN
676 NaN NaN NaN
677 NaN NaN NaN
678 NaN NaN NaN
679 NaN NaN NaN
680 NaN NaN NaN
681 NaN NaN NaN
682 NaN NaN NaN
683 NaN NaN NaN
684 NaN NaN NaN
685 NaN NaN NaN
686 NaN NaN NaN
687 NaN NaN NaN
688 NaN NaN NaN
689 NaN NaN NaN
690 NaN NaN NaN
691 NaN NaN NaN
692 NaN NaN NaN
693 NaN NaN NaN
694 NaN NaN NaN
695 NaN NaN NaN
696 NaN NaN NaN
697 NaN NaN NaN
698 NaN NaN NaN
699 NaN NaN NaN
700 NaN NaN NaN
701 NaN NaN NaN
702 NaN NaN NaN
703 NaN NaN NaN
704 NaN NaN NaN
705 NaN NaN NaN
706 NaN NaN NaN
707 NaN NaN NaN
708 NaN NaN NaN
709 NaN NaN NaN
710 NaN NaN NaN
711 NaN NaN NaN
712 NaN NaN NaN
713 NaN NaN NaN
714 NaN NaN NaN
715 NaN NaN NaN
716 NaN NaN NaN
717 NaN NaN NaN
718 NaN NaN NaN
719 NaN NaN NaN
720 NaN NaN NaN
721 NaN NaN NaN
722 NaN NaN NaN
723 NaN NaN NaN
724 NaN NaN NaN
725 NaN NaN NaN
726 NaN NaN NaN
727 NaN NaN NaN
728 NaN NaN NaN
729 NaN NaN NaN
730 NaN NaN NaN
731 NaN NaN NaN
732 NaN NaN NaN
733 NaN NaN NaN
734 NaN NaN NaN
735 NaN NaN NaN
736 NaN NaN NaN
737 NaN NaN NaN
738 NaN NaN NaN
739 NaN NaN NaN
740 NaN NaN NaN
741 NaN NaN NaN
742 NaN NaN NaN
743 NaN NaN NaN
744 NaN NaN NaN
745 NaN NaN NaN
746 NaN NaN NaN
747 NaN NaN NaN
748 NaN NaN NaN
749 NaN NaN NaN
750 NaN NaN NaN
751 NaN NaN NaN
752 NaN NaN NaN
753 NaN NaN NaN
754 NaN NaN NaN
755 NaN NaN NaN
756 NaN NaN NaN
757 NaN NaN NaN
758 NaN NaN NaN
759 NaN NaN NaN
760 NaN NaN NaN
761 NaN NaN NaN
762 NaN NaN NaN
763 NaN NaN NaN
764 NaN NaN NaN
765 NaN NaN NaN
766 NaN NaN NaN
767 NaN NaN NaN
768 NaN NaN NaN
769 NaN NaN NaN
770 NaN NaN NaN
771 NaN NaN NaN
772 NaN NaN NaN
773 NaN NaN NaN
774 NaN NaN NaN
775 NaN NaN NaN
776 NaN NaN NaN
777 NaN NaN NaN
778 NaN NaN NaN
779 NaN NaN NaN
780 NaN NaN NaN
781 NaN NaN NaN
782 NaN NaN NaN
783 NaN NaN NaN
784 NaN NaN NaN
785 NaN NaN NaN
786 NaN NaN NaN
787 NaN NaN NaN
788 NaN NaN NaN
789 NaN NaN NaN
790 NaN NaN NaN
791 NaN NaN NaN
792 NaN NaN NaN
793 NaN NaN NaN
794 NaN NaN NaN
795 NaN NaN NaN
796 NaN NaN NaN
797 NaN NaN NaN
798 NaN NaN NaN
799 NaN NaN NaN
800 NaN NaN NaN
801 NaN NaN NaN
802 NaN NaN NaN
803 NaN NaN NaN
804 NaN NaN NaN
805 NaN NaN NaN
806 NaN NaN NaN
807 NaN NaN NaN
808 NaN NaN NaN
809 NaN NaN NaN
810 NaN NaN NaN
811 NaN NaN NaN
812 NaN NaN NaN
813 NaN NaN NaN
814 NaN NaN NaN
815 NaN NaN NaN
816 NaN NaN NaN
817 NaN NaN NaN
818 NaN NaN NaN
819 NaN NaN NaN
820 NaN NaN NaN
821 NaN NaN NaN
822 NaN NaN NaN
823 NaN NaN NaN
824 NaN NaN NaN
825 NaN NaN NaN
826 NaN NaN NaN
827 NaN NaN NaN
828 NaN NaN NaN
829 NaN NaN NaN
830 NaN NaN NaN
831 NaN NaN NaN
832 NaN NaN NaN
833 NaN NaN NaN
834 NaN NaN NaN
835 NaN NaN NaN
836 NaN NaN NaN
837 NaN NaN NaN
838 NaN NaN NaN
839 NaN NaN NaN
840 NaN NaN NaN
841 NaN NaN NaN
842 NaN NaN NaN
843 NaN NaN NaN
844 NaN NaN NaN
845 NaN NaN NaN
846 NaN NaN NaN
847 NaN NaN NaN
848 NaN NaN NaN
849 NaN NaN NaN
850 NaN NaN NaN
851 NaN NaN NaN
852 NaN NaN NaN
853 NaN NaN NaN
854 NaN NaN NaN
855 NaN NaN NaN
856 NaN NaN NaN
857 NaN NaN NaN
858 NaN NaN NaN
859 NaN NaN NaN
860 NaN NaN NaN
861 NaN NaN NaN
862 NaN NaN NaN
863 NaN NaN NaN
864 NaN NaN NaN
865 NaN NaN NaN
866 NaN NaN NaN
867 NaN NaN NaN
868 NaN NaN NaN
869 NaN NaN NaN
870 NaN NaN NaN
871 NaN NaN NaN
872 NaN NaN NaN
873 NaN NaN NaN
874 NaN NaN NaN
875 NaN NaN NaN
876 NaN NaN NaN
877 NaN NaN NaN
878 NaN NaN NaN
879 NaN NaN NaN
880 NaN NaN NaN
881 NaN NaN NaN
882 NaN NaN NaN
883 NaN NaN NaN
884 NaN NaN NaN
885 NaN NaN NaN
886 NaN NaN NaN
887 NaN NaN NaN
888 NaN NaN NaN
889 NaN NaN NaN
890 NaN NaN NaN
891 NaN NaN NaN
892 NaN NaN NaN
893 NaN NaN NaN
894 NaN NaN NaN
895 NaN NaN NaN
896 NaN NaN NaN
897 NaN NaN NaN
898 NaN NaN NaN
899 NaN NaN NaN
900 NaN NaN NaN
901 NaN NaN NaN
902 NaN NaN NaN
903 NaN NaN NaN
904 NaN NaN NaN
905 NaN NaN NaN
906 NaN NaN NaN
907 NaN NaN NaN
908 NaN NaN NaN
909 NaN NaN NaN
910 NaN NaN NaN
911 NaN NaN NaN
912 NaN NaN NaN
913 NaN NaN NaN
914 NaN NaN NaN
915 NaN NaN NaN
916 NaN NaN NaN
917 NaN NaN NaN
918 NaN NaN NaN
919 NaN NaN NaN
920 NaN NaN NaN
921 NaN NaN NaN
922 NaN NaN NaN
923 NaN NaN NaN
924 NaN NaN NaN
925 NaN NaN NaN
926 NaN NaN NaN
927 NaN NaN NaN
928 NaN NaN NaN
929 NaN NaN NaN
930 NaN NaN NaN
931 NaN NaN NaN
932 NaN NaN NaN
933 NaN NaN NaN
934 NaN NaN NaN
935 NaN NaN NaN
936 NaN NaN NaN
937 NaN NaN NaN
938 NaN NaN NaN
939 NaN NaN NaN
940 NaN NaN NaN
941 NaN NaN NaN
942 NaN NaN NaN
943 NaN NaN NaN
944 NaN NaN NaN
945 NaN NaN NaN
946 NaN NaN NaN
947 NaN NaN NaN
948 NaN NaN NaN
949 NaN NaN NaN
950 NaN NaN NaN
951 NaN NaN NaN
952 NaN NaN NaN
953 NaN NaN NaN
954 NaN NaN NaN
955 NaN NaN NaN
956 NaN NaN NaN
957 NaN NaN NaN
958 NaN NaN NaN
959 NaN NaN NaN
960 NaN NaN NaN
961 NaN NaN NaN
962 NaN NaN NaN
963 NaN NaN NaN
964 NaN NaN NaN
965 NaN NaN NaN
966 NaN NaN NaN
967 NaN NaN NaN
968 NaN NaN NaN
969 NaN NaN NaN
970 NaN NaN NaN
971 NaN NaN NaN
972 NaN NaN NaN
973 NaN NaN NaN
974 NaN NaN NaN
975 NaN NaN NaN
976 NaN NaN NaN
977 NaN NaN NaN
978 NaN NaN NaN
979 NaN NaN NaN
980 NaN NaN NaN
981 NaN NaN NaN
982 NaN NaN NaN
983 NaN NaN NaN
984 NaN NaN NaN
985 NaN NaN NaN
986 NaN NaN NaN
987 NaN NaN NaN
988 NaN NaN NaN
989 NaN NaN NaN
990 NaN NaN NaN
991 NaN NaN NaN
992 NaN NaN NaN
993 NaN NaN NaN
994 NaN NaN NaN
995 NaN NaN NaN
996 NaN NaN NaN
997 NaN NaN NaN
998 NaN NaN NaN
999 NaN NaN NaN
1000 NaN NaN NaN
