1 1.8750000000000002e-5 1.8750000000000002e-5 107.7496047522358
2 1.7401455943262698e-7 4.171505237113181e-4 82.49579113843053
3 2.109375000000001e-9 1.2824819600075234e-3 64.34336587100337
4 3.278310003596813e-11 2.3928336349087497e-3 51.80539264943109
5 6.328125000000003e-13 3.632913102251168e-3 43.16621852660487
6 1.465990122831759e-14 4.947151087355455e-3 37.035159238405534
7 3.958374023437503e-16 6.304421785828957e-3 32.497294999002776
8 1.2180626183068378e-17 7.686147277222935e-3 29.000321421915338
9 4.200169372558597e-19 9.081148048607577e-3 26.21389963590543
10 1.6022680451578385e-20 1.048270869087123e-2 23.93437879724744
11 6.694420852661137e-22 1.1886796267098263e-2 22.03051378814648
12 3.038703916321312e-23 1.3290991047235112e-2 20.413858986787396
13 1.488549479198457e-24 1.4693851165495214e-2 19.022410880289446
14 7.82524091486666e-26 1.6094534062459427e-2 17.811233760334723
15 4.393430022962992e-27 1.7492568404846375e-2 16.74684912209613
16 2.623436797532386e-28 1.888771464733619e-2 15.803732867163601
17 1.6600108465407333e-29 2.027987849213095e-2 14.962043669913143
18 1.1094813537263054e-30 2.1669056423535445e-2 14.206100018295926
19 7.809894005373839e-32 2.3055301014647114e-2 13.523329433886538
20 5.775126638417855e-33 2.4438698616465006e-2 12.903525253869532
21 4.475619278294511e-34 2.5819354915525516e-2 12.338309502697447
22 3.6274169304279766e-35 2.7197385557475612e-2 11.820737331196153
23 3.06868922707118e-36 2.857291006950116e-2 11.345000847400811
24 2.7048823251293363e-37 2.9946047951378205e-2 10.906204086270586
25 2.4801317706262364e-38 3.1316916202716504e-2 10.500189775075755
26 2.361987567608837e-39 3.2685627806115135e-2 10.123404391282024
27 2.333194917752086e-40 3.4052290847989566e-2 9.772791921148025
28 2.387439471317427e-41 3.5417008064295305e-2 9.44570939823055
29 2.5275385581570638e-42 3.677987666782645e-2 9.139859157121911
30 2.765402086297543e-43 3.814098835999275e-2 8.853234048204708
31 3.123606663102193e-44 3.950042946104053e-2 8.584072797825728
32 3.6388399034702684e-45 4.085828111372901e-2 8.330823379454696
33 4.367923478541509e-46 4.221461952983742e-2 8.092112761699218
34 5.397754093609928e-47 4.356951625873853e-2 7.8667217706000825
35 6.861503750879677e-48 4.492303846407473e-2 7.653564082396542
36 8.965109166148317e-49 4.627524919927675e-2 7.451668574089613
37 1.2031008997529932e-49 4.762620767592377e-2 7.260164420462391
38 1.6571262440863139e-50 4.8975969521199696e-2 7.078268450506506
39 2.3411463632291783e-51 5.0324587022257346e-2 6.90527437269639
40 3.390374135582684e-52 5.167210935637195e-2 6.740543554007999
41 5.029823052722108e-53 5.301858280648972e-2 6.5834970969843205
42 7.640047498503647e-54 5.436405096226363e-2 6.433609006221144
43 1.18752126389961e-54 5.5708554906984356e-2 6.2904002731703015
44 1.8878310001425564e-55 5.7052133391012734e-2 6.153433738242597
45 3.067930980405284e-56 5.839482299243503e-2 6.022309613445064
46 5.0942764110898526e-57 5.973665826572175e-2 5.896661568438954
47 8.639255198833601e-58 6.1077671879189534e-2 5.776153298907334
48 1.4956762315272822e-58 6.241789474205949e-2 5.660475509213039
49 2.642315524716796e-59 6.375735612188081e-2 5.5493432520865085
50 4.76149231483078e-60 6.50960837530547e-2 5.442493576962155
51 8.748732998024978e-61 6.6434103937152e-2 5.339683445939941
52 1.638436638912954e-61 6.777144163567414e-2 5.240687882470075
53 3.1263770628154937e-62 6.910812055586246e-2 5.1452983229702305
54 6.076182305811818e-63 7.044416323011528e-2 5.053321145868424
55 1.2024136464747903e-63 7.17795910895305e-2 4.964576356167013
56 2.4219864097389662e-64 7.311442453204907e-2 4.878896406662747
57 4.964209542205977e-65 7.444868298563655e-2 4.796125139530471
58 1.0350458751149185e-65 7.578238496690401e-2 4.716116834162381
59 2.1946993925538542e-66 7.711554813553531e-2 4.638735349014793
60 4.731245107613177e-67 7.84481893448573e-2 4.5638533468027624
61 1.036677725617034e-67 7.978032468886044e-2 4.491351593743204
62 2.308164266322871e-68 8.111196954595178e-2 4.421118324714947
63 5.2207701689859e-69 8.244313861969713e-2 4.35304866720961
64 1.1993365037043147e-69 8.377384597678864e-2 4.287044117814624
65 2.7975837680804925e-70 8.510410508245284e-2 4.22301206572028
66 6.6246170376577764e-71 8.643392883349635e-2 4.16086535839324
67 1.5921248267009386e-71 8.776332958916988e-2 4.100521905124421
68 3.88273703576918e-72 8.909231920001588e-2 4.0419043146515135
69 9.606207207069778e-73 9.042090903485117e-2 3.984939563486096
70 2.4106280795551383e-73 9.174911000602341e-2 3.9295586919511427
71 6.134602555988774e-74 9.30769325930689e-2 3.875696525263895
72 1.5828387274390815e-74 9.440438686488864e-2 3.823291417288207
73 4.139989748837302e-75 9.573148250054957e-2 3.7722850148346794
74 1.0974753319424718e-75 9.705822880881049e-2 3.7226220406109616
75 2.948124520754067e-76 9.838463474646253e-2 3.674250093122312
76 8.02374483509587e-77 9.97107089355681e-2 3.6271194619974176
77 2.212153451013515e-77 0.1010364596796751 3.5811829573692955
78 6.177158434369806e-78 0.10236189497907751 3.5363957520785485
79 1.7467384499427489e-78 0.10368702254518683 3.4927152355882765
80 5.00109036128892e-79 0.10501184981407592 3.45010087860862
81 1.449549024000073e-79 0.10633638395924976 3.4085141075257392
82 4.252730011589447e-80 0.10766063190369489 3.3679181878164335
83 1.262717730785104e-80 0.1089846003312558 3.32827811570687
84 3.79390689986532e-81 0.11030829569738106 3.2895605174030407
85 1.1533172531084602e-81 0.11163172423928067 3.2517335552825113
86 3.5467766146917894e-82 0.11295489198553259 3.2147668404926697
87 1.1032764709456312e-82 0.11427780476517271 3.1786313514506306
88 3.4709167215698966e-83 0.11560046821630135 3.143299357784961
89 1.1042272232116647e-83 0.11692288779423624 3.1087443492998537
90 3.552003957676214e-84 0.11824506877923983 3.074940969578963
91 1.155145413462221e-84 0.11956701628384749 3.0418649538790627
92 3.797490786003338e-85 0.12088873525982007 3.00949307099357
93 1.2618373581267673e-85 0.12221023050474394 2.9778030687929147
94 4.237477526135625e-86 0.12353150666829973 2.946773623173242
95 1.4380057880294463e-86 0.12485256825821821 2.916384290167117
96 4.930782931720718e-87 0.1261734196459431 2.8866154609899897
97 1.7081537178594837e-87 0.12749406507201674 2.8574483198145955
98 5.977898903768509e-88 0.12881450865120486 2.8288648040819973
99 2.1131794262993822e-88 0.13013475437737548 2.800847567173264
100 7.544785553724703e-89 0.13145480612814575 2.773379943279516
101 2.7204298394121252e-89 0.13277466766930937 2.7464459143207676
102 9.90527366742237e-90 0.13409434265905754 2.7200300787754483
103 3.6416044604483575e-90 0.13541383465200393 2.694117622293092
104 1.3516872575699996e-90 0.1367331471030251 2.668694289972261
105 5.064976017107037e-91 0.13805228337092584 2.6437463601946454
106 1.9158328095945366e-91 0.13937124672193932 2.619260619914339
107 7.314403137390705e-92 0.14069004033307003 2.5952243413087457
108 2.8184088061158232e-92 0.142008667295289 2.5716252597043376
109 1.095964038881722e-92 0.143327130616588 2.5484515526968092
110 4.300509608361817e-93 0.14464543322490056 2.5256918203908656
111 1.7027056007554745e-93 0.14596357797089624 2.5033350666902274
112 6.801748688826937e-94 0.14728156763065553 2.4813706815732846
113 2.741125596162185e-94 0.14859940490823023 2.4597884242943495
114 1.1143745409520512e-94 0.1499170924380961 2.4385784074545893
115 4.569771214021556e-95 0.1512346327875023 2.4177310818905466
116 1.8901073193170103e-95 0.1525520284587238 2.397237222331713
117 7.884523491081812e-96 0.1538692818912201 2.3770879137818626
118 3.316883420831422e-96 0.15518639546370644 2.3572745385818807
119 1.4070840568391473e-96 0.15650337149614002 2.3377887641146415
120 6.018867394856492e-97 0.15782021225162704 2.31862253111504
121 2.595880663663689e-97 0.15913691993825302 2.299768042550724
122 1.1287576032166009e-97 0.16045349671084064 2.281217753041273
123 4.948048478545129e-98 0.16176994467263825 2.2629643587856423
124 2.1865339855376082e-98 0.16308626587694258 2.245000787969614
125 9.739568900174491e-99 0.1644024623286583 2.2273201916267764
126 4.372774483340433e-99 0.16571853598579783 2.2099159349282
127 1.978706254942908e-99 0.1670344887609235 2.192781588877544
128 9.023727055077025e-100 0.16835032252253532 2.1759109223897277
129 4.147103156762767e-100 0.1696660390964061 2.159297894732661
130 1.9205794470874587e-100 0.17098164026686707 2.142936648312772
131 8.962371559605437e-101 0.1722971277780456 2.126821501786215
132 4.21397449295974e-101 0.17361250333505698 2.1109469434787322
133 1.9962484163696347e-101 0.17492776860515344 2.09530762509816
134 9.527233101517089e-102 0.1762429252188303 2.0798983557244988
135 4.580624372962895e-102 0.17755797477089313 2.06471409606336
136 2.2185271954584116e-102 0.1788729188214863 2.0497499529494134
137 1.082340405602226e-102 0.18018775889708474 2.035001174087244
138 5.318623003191565e-103 0.18150249649145103 2.020463143017738
139 2.6323781364542674e-103 0.18281713306655872 2.0061313742987834
140 1.31216637662844e-103 0.18413167005348344 1.9920015088897305
141 6.587175615945161e-104 0.18544610885326301 1.9780693097296187
142 3.3301035426536994e-104 0.18676045083772835 1.9643306574997483
143 1.6952866514298274e-104 0.18807469735030571 1.9507815465616911
144 8.69029468941727e-105 0.18938884970679165 1.937418081062326
145 4.485503038483157e-105 0.19070290919610194 1.9242364711979387
146 2.3310560347557984e-105 0.1920168770809956 1.911233029629852
147 1.2196608150955058e-105 0.1933307545987744 1.8984041680444794
148 6.424663597066699e-106 0.19464454296195963 1.885746393851037
149 3.406960563740688e-106 0.19595824335894635 1.8732563070105481
150 1.8187370041090185e-106 0.1972718569546364 1.8609305969900771
151 9.773266166135891e-107 0.198585384891051 1.848766039836464
152 5.2863726158667447e-107 0.19989882828792324 1.8367594953641309
153 2.8780973389326297e-107 0.20121218824327197 1.82490790445179
154 1.5771192244340802e-107 0.20252546583395728 1.8132082864431869
155 8.69794847191978e-108 0.20383866211621826 1.801657736647216
156 4.8277474100636754e-108 0.205151778126194 1.7902534239330135
157 2.696683802149967e-108 0.2064648148804283 1.7789925884158475
158 1.515848812249017e-108 0.20777777337635878 1.7678725392298231
159 8.574423656749594e-109 0.20909065459279044 1.7568906523836296
160 4.880453797802612e-109 0.2104034594903555 1.746044368695741
161 2.795148786195055e-109 0.21171618901195838 1.7353311918056533
162 1.610729294438969e-109 0.2130288440832075 1.7247486862579124
163 9.338921706522213e-110 0.21434142561283437 1.7142944756558451
164 5.44767648682376e-110 0.21565393449309977 1.7039662408820482
165 3.1970565825317066e-110 0.2169663716001877 1.6937617183828408
166 1.8875480227432298e-110 0.21827873779458795 1.6836786985140093
167 1.1210856468096631e-110 0.21959103392146753 1.6737150239453085
168 6.698187151161621e-111 0.22090326081103068 1.6638685881212973
169 4.0256707765152654e-111 0.2222154192788688 1.6541373337761989
170 2.433698033599869e-111 0.2235275101263003 1.6445192515005906
171 1.4798841858367841e-111 0.2248395341407004 1.6350123783578232
172 9.051210898618107e-112 0.22615149209582164 1.6256147965481649
173 5.567869410291709e-112 0.22746338475210529 1.6163246321187683
174 3.4447717368465987e-112 0.22877521285698374 1.6071400537176275
175 2.1434172640263504e-112 0.23008697714517476 1.5980592713897908
176 1.3412626818042086e-112 0.23139867833896707 1.5890805354141682
177 8.440495317341673e-113 0.2327103171484983 1.580202135179337
178 5.34140229875323e-113 0.23402189427202502 1.5714223980968383
179 3.399087543376143e-113 0.2353334103961856 1.5627396885505078
180 2.1750823686630164e-113 0.23664486619625555 1.554152406880455
181 1.3995296465350602e-113 0.23795626233639616 1.545658988400369
182 9.054582265804045e-114 0.23926759946989606 1.537257902446876
183 5.890086661055203e-114 0.24057887823940702 1.5289476514597398
184 3.852379547090269e-114 0.24189009927717223 1.520726770091746
185 2.5332489851926877e-114 0.24320126320524968 1.5125938243471495
186 1.674771471638173e-114 0.2445123706357289 1.5045474107476344
187 1.113139712098505e-114 0.24582342217094222 1.496586155524752
188 7.437859210372035e-115 0.24713441840367026 1.4887087138378765
189 4.996181684996863e-115 0.24844535991734254 1.4809137690167296
190 3.3737154650902717e-115 0.24975624728623222 1.4732000318275864
191 2.2900593213434773e-115 0.25106708107564646 1.4655662397622984
192 1.5625764699075658e-115 0.25237786184211136 1.458011156349315
193 1.0717177732851303e-115 0.2536885901335522 1.4505335704859077
194 7.388438262246633e-116 0.2549992664894698 1.4431322957908452
195 5.119723454181118e-116 0.2563098914411112 1.4358061699767872
196 3.565748330963008e-116 0.25762046551163725 1.4285540542417032
197 2.496054188762047e-116 0.25893098921628493 1.4213748326786473
198 1.756084413045443e-116 0.2602414630625266 1.414267411703241
199 1.2416919166160679e-116 0.2615518875502246 1.4072307194982556
200 8.823655562740911e-117 0.26286226317178213 1.4002637054746927
201 6.301424173348599e-117 0.2641725904122907 1.3933653397487997
202 4.5224493487721174e-117 0.26548286974967367 1.3865346126344706
203 3.2616923570189746e-117 0.2667931016548265 1.3797705341505098
204 2.363938260956643e-117 0.26810328659175364 1.3730721335422462
205 1.7216417136499334e-117 0.2694134250177016 1.3664384588170226
206 1.2599482271162242e-117 0.27072351738328965 1.3598685762930849
207 9.265220544699715e-118 0.2720335641326365 1.3533615701614257
208 6.846079236308285e-118 0.27334356570348495 1.3469165420601499
209 5.082779090259741e-118 0.2746535225273226 1.3405326106609488
210 3.791611669747952e-118 0.2759634350295003 1.334208911267276
211 2.8418425613321328e-118 0.277273303629348 1.32794459542385
212 2.1400309705128027e-118 0.2785831287402869 1.3217388305371054
213 1.619102746374769e-118 0.27989291076994033 1.3155907995062384
214 1.2307039141520627e-118 0.28120265012024104 1.3094997003645061
215 9.398275645343712e-119 0.28251234718753654 1.3034647459304438
216 7.210226187310499e-119 0.2838220023626917 1.2974851634686835
217 5.557077946105183e-119 0.28513161603118947 1.2915601943600712
218 4.302608558526028e-119 0.28644118857322853 1.2856890937807783
219 3.3465388944643737e-119 0.2877507203638198 1.2798711303901293
220 2.6147467623902763e-119 0.28906021177287955 1.2741055860268684
221 2.0522214101140723e-119 0.2903696631653216 1.2683917554136015
222 1.617971262707299e-119 0.29167907490114664 1.2627289458691526
223 1.2813290358158602e-119 0.29298844733552987 1.2571164770285979
224 1.0192603941080247e-119 0.29429778081890656 1.2515536805707277
225 8.143960662104612e-120 0.2956070756970562 1.2460398999527211
226 6.535874703862709e-120 0.296916332311184 1.240574490151798
227 5.268425842823007e-120 0.2982255509980012 1.2351568174136458
228 4.265390247252019e-120 0.29953473208980375 1.229786259007407
229 3.4683996637714334e-120 0.3008438759145484 1.2244622029870327
230 2.8325902223117987e-120 0.3021529827959285 1.2191840479588143
231 2.3233491506505403e-120 0.3034620530534468 1.2139512028548944
232 1.9138735932602836e-120 0.3047710870024877 1.2087630867125934
233 1.5833322627888485e-120 0.30608008495438727 1.203619128459366
234 1.3154761546665646e-120 0.30738904721650245 1.198518766703231
235 1.0975849450276432e-120 0.3086979740922784 1.193461449528504
236 9.196651852150411e-121 0.310006865881314 1.1884466342966837
237 7.738380156710141e-121 0.311315722879427 1.1834737874523327
238 6.538700086774692e-121 0.312624545378717 1.1785423843338196
239 5.548124678155503e-121 0.3139333336676274 1.173651908988768
240 4.7272318441809815e-121 0.315242088031006 1.1688018539940852
241 4.0445109049295745e-121 0.31655080875016467 1.1639917202804322
242 3.474690441917542e-121 0.3178594961029372 1.1592210169610144
243 2.9974356840309067e-121 0.31916815036373625 1.1544892611645652
244 2.596330502899014e-121 0.3204767718036096 1.1497959778724005
245 2.2580793052549224e-121 0.32178536069029445 1.1451406997594378
246 1.9718793557239578e-121 0.3230939172882711 1.140522967039058
247 1.7289256005455165e-121 0.32440244185881556 1.1359423273117062
248 1.522018819949381e-121 0.32571093466005097 1.1313983354171302
249 1.3452546042400131e-121 0.32701939594699786 1.126890553290148
250 1.1937757400772542e-121 0.3283278259716239 1.1224185498198527
251 1.0635744930167577e-121 0.3296362249828923 1.1179819007121548
252 9.513342678797041e-122 0.3309445932268088 1.1135801883555725
253 8.543024362570086e-122 0.332252930946469 1.1092130016901849
254 7.701879034551963e-122 0.33356123838210344 1.1048799360796477
255 6.97078368703109e-122 0.33486951577112267 1.1005805931862074
256 6.333733058885314e-122 0.33617776334816085 1.0963145808486165
257 5.777295285065538e-122 0.33748598134511926 1.0920815129628783
258 5.290168560212518e-122 0.3387941699912079 1.0878810093657467
259 4.862819108586863e-122 0.3401023295129875 1.0837126957209022
260 4.487184774883569e-122 0.34141046013440973 1.0795762034077347
261 4.1564317189648604e-122 0.34271856207685714 1.0754711694126666
262 3.864754199998462e-122 0.3440266355591822 1.0713972362229431
263 3.607209417137473e-122 0.3453346807977459 1.0673540517228304
264 3.379580947217119e-122 0.3466426980064549 1.0633412690921527
265 3.17826557235242e-122 0.347950687396799 1.0593585467071136
266 3.0001792898463595e-122 0.3492586491778869 1.0554055480433344
267 2.8426790965885406e-122 0.3505665835564819 1.0514819415810557
268 2.7034977817252476e-122 0.3518744907370369 1.0475874007124513
269 2.580689477447545e-122 0.3531823709217286 1.0437216036509853
270 2.472584133949299e-122 0.3544902243104909 1.0398842333427791
271 2.377749421203366e-122 0.35579805110104823 1.0360749773799183
272 2.2949588332075597e-122 0.3571058514889476 1.0322935279156624
273 2.2231649924623534e-122 0.35841362566759066 1.028539581581505
274 2.1614773337589654e-122 0.35972137382826497 1.0248128394060356
275 2.1091434949348621e-122 0.36102909616017426 1.0211130067355592
276 2.0655338645402972e-122 0.362336792850469 1.0174397931564316
277 2.030128837532818e-122 0.36364446408427564 1.0137929124190626
278 2.002508414355181e-122 0.36495211004472583 1.0101720823635487
279 1.9823438494457444e-122 0.3662597309129849 1.006577024846895
280 1.9693911151481607e-122 0.36756732686827975 1.0030074656717844
281 1.9634859984109103e-122 0.3688748980879265 0.999463134516858
282 1.9645406924989408e-122 0.37018244474735745 0.9959437648684685
283 1.9725417857888716e-122 0.37148996702014775 0.9924490939538698
284 1.9875495859745908e-122 0.3727974650780413 0.98897886267581
285 2.0096987518995286e-122 0.3741049390909764 0.9855328155484911
286 2.0392002378744185e-122 0.37541238922711123 0.9821107006348617
287 2.076344587790589e-122 0.3767198156528481 0.9787122694852148
288 2.1215066496333076e-122 0.37802721853285837 0.975337277077053
289 2.1751518161913805e-122 0.3793345980301056 0.9719854817561963
290 2.2378439359621784e-122 0.3806419543058699 0.9686566451790981
291 2.3102550806828112e-122 0.38194928751977025 0.9653505322563444
292 2.3931774039456723e-122 0.38325659782978777 0.9620669110973049
293 2.4875373805508863e-122 0.38456388539228753 0.9588055529559103
294 2.594412780445456e-122 0.38587115036204095 0.9555662321775296
295 2.7150528064740716e-122 0.3871783928922471 0.9523487261469197
296 2.8509019143216853e-122 0.3884856131345538 0.9491528152372236
297 3.0036279390997263e-122 0.38979281123907894 0.945978282759992
298 3.17515527981924e-122 0.3910999873544302 0.9428249149162052
299 3.3677040451369866e-122 0.3924071416277259 0.9396925007482704
300 3.583836246916207e-122 0.39371427420461447 0.9365808320929739
301 3.826510349253487e-122 0.3950213852292942 0.933489703535364
302 4.0991457482193053e-122 0.396328474844532 0.9304189123635446
303 4.4056990821545524e-122 0.39763554319168254 0.9273682585243592
304 4.7507546669377706e-122 0.3989425904107069 0.9243375445799424
305 5.139631831244843e-122 0.4002496166401904 0.9213265756651213
306 5.578512513366343e-122 0.4015566220173609 0.9183351594456471
307 6.074593198341455e-122 0.40286360667810656 0.915363106077238
308 6.636266152755432e-122 0.4041705707569926 0.9124102281654131
309 7.273335992845016e-122 0.405477514387279 0.9094763407261045
310 7.997278947397528e-122 0.40678443770093714 0.9065612611470243
311 8.821553810140741e-122 0.40809134082866616 0.903664809149773
312 9.761975591857602e-122 0.4093982238999094 0.9007868067526719
313 1.0837165374401335e-121 0.41070508704287034 0.897927078234305
314 1.2069092955423143e-121 0.4120119303845286 0.8950854500977498
315 1.3483732702956027e-121 0.41331875405065505 0.8922617510354901
316 1.5111857801040835e-121 0.41462555816582747 0.8894558118949862
317 1.6990003999012622e-121 0.41593234285344527 0.8866674656448954
318 1.9161641378885338e-121 0.4172391082357444 0.8838965473419249
319 2.1678601909362233e-121 0.4185458544338122 0.8811428940983053
320 2.4602822146737584e-121 0.419852581567601 0.8784063450498687
321 2.800847499039962e-121 0.4211592897559433 0.8756867413247225
322 3.1984582692240975e-121 0.4224659791165645 0.8729839260124996
323 3.663822636269595e-121 0.4237726497660975 0.8702977441341798
324 4.209849630156824e-121 0.4250793018200958 0.8676280426124651
325 4.852136426435442e-121 0.42638593539304653 0.8649746702426976
326 5.6095705381453684e-121 0.427692550598384 0.8623374776643127
327 6.505075661722591e-121 0.4289991475485023 0.8597163173328096
328 7.5665373921295186e-121 0.43030572635476794 0.8571110434922331
329 8.827954615192267e-121 0.43161228712753236 0.8545215121481535
330 1.0330874635326572e-120 0.4329188299761442 0.851947581041137
331 1.2126185771548938e-120 0.43422535500896164 0.8493891096206907
332 1.4276361250927853e-120 0.4355318623333638 0.8468459590196776
333 1.6858274044850372e-120 0.43683835205576305 0.8443179920291913
334 1.9966735523820884e-120 0.4381448242816161 0.8418050730738765
335 2.3718953665736116e-120 0.4394512791154358 0.8393070681876911
336 2.8260161941626753e-120 0.440757716660802 0.836823844990097
337 3.377074172875796e-120 0.44206413702037284 0.8343552726626743
338 4.0475254169588384e-120 0.44337054029589573 0.8319012219261462
339 4.865391840136239e-120 0.4446769265882176 0.8294615650178094
340 5.865723073053751e-120 0.4459832959972962 0.8270361756693608
341 7.092462513270759e-120 0.44728964862220977 0.8246249290851102
342 8.600834468028483e-120 0.44859598456116795 0.8222277019205753
343 1.0460404639661845e-119 0.44990230391152136 0.819844372261448
344 1.2759012556014748e-119 0.45120860676977215 0.8174748196029257
345 1.5607835556589033e-119 0.4525148932315832 0.8151189248293985
346 1.9147924408521979e-119 0.4538211633917884 0.8127765701944906
347 2.3558656967609245e-119 0.4551274173444017 0.8104476393014386
348 2.906869713127367e-119 0.4564336551826268 0.8081320170838138
349 3.5970233225221747e-119 0.4577398769988664 0.8058295897865672
350 4.4637518504065925e-119 0.45904608288473137 0.8035402449474022
351 5.555106764688281e-119 0.46035227293104947 0.8012638713784611
352 6.932930540261981e-119 0.46165844722787486 0.7990003591483239
353 8.677005536833525e-119 0.46296460586449606 0.7967495995643111
354 1.089050504898703e-118 0.4642707489294453 0.7945114851550834
355 1.3707171327877374e-118 0.46557687651050655 0.7922859096535354
356 1.7300788971334206e-118 0.4668829886947242 0.7900727679799749
357 2.189771584656454e-118 0.46818908556841127 0.7878719562255854
358 2.779349572418939e-118 0.46949516721715745 0.7856833716361605
359 3.5374931846031466e-118 0.4708012337258374 0.7835069125961135
360 4.514948276438083e-118 0.4721072851786182 0.7813424786127463
361 5.7784497835753905e-118 0.473413321658968 0.7791899703007854
362 7.415970435739534e-118 0.47471934324966286 0.7770492893671657
363 9.543758082295077e-118 0.4760253500327949 0.7749203385960691
364 1.2315792484664421e-117 0.47733134208977973 0.7728030218342069
365 1.5936522162443856e-117 0.4786373195013638 0.7706972439763431
366 2.0678057806747567e-117 0.47994328234763156 0.7686029109510525
367 2.690343415582565e-117 0.48124923070801295 0.7665199297067132
368 3.5098153502831264e-117 0.4825551646612903 0.7644482081977225
369 4.5913056144875175e-117 0.4838610842856055 0.7623876553709401
370 6.022271717206144e-117 0.4851669896584668 0.7603381811523455
371 7.920517299392978e-117 0.48647288085675555 0.7582996964339134
372 1.0445101503589035e-116 0.4877787579567333 0.7562721130606981
373 1.3811300619451396e-116 0.48908462103404804 0.7542553438181249
374 1.8311173706157716e-116 0.49039047016374093 0.7522493024194846
375 2.4341895229763422e-116 0.4916963054202527 0.750253903493627
376 3.244487648303211e-116 0.4930021268774303 0.7482690625728483
377 4.3359906357044416e-116 0.49430793460853273 0.7462946960809731
378 5.810024724112452e-116 0.49561372868623765 0.7443307213216214
379 7.805703241425085e-116 0.4969195091826474 0.7423770564666642
380 1.0514472630089416e-115 0.4982252761692949 0.7404336205448555
381 1.4200425721285096e-115 0.49953102971714985 0.7385003334306477
382 1.9228732985560194e-115 0.5008367698966244 0.7365771158331769
383 2.6105525914703e-115 0.5021424967775794 0.7346638892854245
384 3.553397178687346e-115 0.5034482104293295 0.7327605761335426
385 4.849329091143345e-115 0.5047539109206491 0.7308670995263494
386 6.635035417911182e-115 0.5060595983197784 0.7289833834049833
387 9.10176496331072e-115 0.5073652726944281 0.7271093524927189
388 1.2517738813436405e-114 0.5086709341117857 0.7252449322849394
389 1.7260015556397362e-114 0.5099765826385199 0.7233900490392617
390 2.3859901832103557e-114 0.5112822183407868 0.7215446297658138
391 3.306781153626988e-114 0.5125878412842348 0.7197086022176604
392 4.594611129334429e-114 0.51389345153401 0.7178818948813741
393 6.400232631711184e-114 0.5151990491547604 0.7160644369677497
394 8.93806800239046e-114 0.5165046342106426 0.71425615840266
395 1.2513813002857791e-113 0.5178102067653249 0.7124569898180484
396 1.7564306592112523e-113 0.5191157668819937 0.710666862543059
397 2.4715246366293473e-113 0.5204213146233577 0.708885708595299
398 3.4864924016127036e-113 0.5217268500516528 0.7071134606722322
399 4.930598263959219e-113 0.5230323732286467 0.7053500521427013
400 6.99028553124952e-113 0.524337884215644 0.7035954170385776
401 9.935092472136224e-113 0.5256433830734903 0.7018494900465337
402 1.4155588360515176e-112 0.526948869862577 0.7001122064999398
403 2.0219028077346333e-112 0.5282543446428462 0.6983835023708782
404 2.8951182278370847e-112 0.529559807473794 0.6966633142622782
405 4.1556920948289476e-112 0.5308652584144766 0.6949515794001652
406 5.9798297003884185e-112 0.5321706975235129 0.6932482356260236
407 8.62581308265207e-112 0.5334761248590898 0.6915532213892736
408 1.2473100863189561e-111 0.5347815404789666 0.6898664757398562
409 1.8080456583736186e-111 0.5360869444404784 0.6881879383209272
410 2.627255663307573e-111 0.5373923368005408 0.6865175493616584
411 3.826931541299217e-111 0.5386977176156538 0.6848552496701412
412 5.587942186531313e-111 0.5400030869419058 0.6832009806263959
413 8.179060547319448e-111 0.5413084448349775 0.6815546841754793
414 1.2000593257185497e-110 0.5426137913501465 0.6799163028206942
415 1.765010370747098e-110 0.5439191265422901 0.6782857796168945
416 2.6021633119656454e-110 0.5452244504658901 0.6766630581638878
417 3.8455820523534493e-110 0.546529763175036 0.6750480825999323
418 5.696752796544918e-110 0.5478350647234288 0.6734407975953259
419 8.459173867823977e-110 0.5491403551643852 0.671841148346087
420 1.259103269969166e-109 0.5504456345508408 0.6702490805677256
421 1.8785602345066394e-109 0.5517509029353539 0.6686645404891024
422 2.809421048606144e-109 0.5530561603701089 0.6670874748463747
423 4.2114732393276203e-109 0.5543614069069198 0.6655178308770276
424 6.3281148061467995e-109 0.5556666425972343 0.6639555563139905
425 9.530931319074883e-109 0.5569718674921365 0.6624005993798344
426 1.4388470251986664e-108 0.5582770816423505 0.6608529087810516
427 2.177257610702858e-108 0.5595822850982441 0.6593124337024162
428 3.3023154113389184e-108 0.560887477909832 0.6577791238014211
429 5.020401669566917e-108 0.5621926601267786 0.6562529292027948
430 7.650101730845786e-108 0.563497831798402 0.6547338004930924
431 1.1684293257938341e-107 0.5648029929736768 0.653221688715364
432 1.7887178977349718e-107 0.5661081437012373 0.6517165453638929
433 2.7446255745068156e-107 0.5674132840293806 0.6502183223790118
434 4.221083104002374e-107 0.5687184140060701 0.6487269721419837
435 6.506717440875152e-107 0.5700235336789381 0.6472424474699602
436 1.0052983184754954e-106 0.5713286430952887 0.6457647016110029
437 1.5567563788599105e-106 0.5726337423021018 0.6442936882391763
438 2.4162216816285303e-106 0.5739388313460347 0.6428293614497069
439 3.7587294957708123e-106 0.5752439102734261 0.6413716757542072
440 5.860454457005473e-106 0.5765489791302986 0.6399205860759652
441 9.158096464660032e-106 0.5778540379623611 0.638476047745299
442 1.4343680545262022e-105 0.5791590868150129 0.6370380164949708
443 2.2516208097252952e-105 0.5804641257333452 0.6356064484556668
444 3.542476347110793e-105 0.5817691547621443 0.6341813001515353
445 5.585904766136011e-105 0.5830741739458947 0.6327625284957843
446 8.827805874369545e-105 0.5843791833287815 0.6313500907863407
447 1.3982425920576955e-104 0.5856841829546929 0.6299439447015656
448 2.2196301810950966e-104 0.5869891728672234 0.6285440482960258
449 3.53138365896946e-104 0.5882941531096757 0.6271503599963247
450 5.630840519632572e-104 0.589599123725064 0.6257628385969849
451 8.998361954917952e-104 0.5909040847561158 0.6243814432563886
452 1.4411642197417088e-103 0.5922090362452754 0.6230061334927688
453 2.313242426141277e-103 0.5935139782347056 0.6216368691802558
454 3.7212117569405406e-103 0.5948189107662905 0.6202736105449743
455 5.999306908561002e-103 0.5961238338816376 0.6189163181611916
456 9.693244033999652e-103 0.5974287476220811 0.6175649529475177
457 1.5695910183593935e-102 0.5987336520286831 0.6162194761631531
458 2.5471298442761676e-102 0.6000385471422371 0.614879849404187
459 4.142483847444851e-102 0.6013434330032695 0.6135460345999441
460 6.751708288923931e-102 0.6026483096520425 0.6122179940093759
461 1.1028274822024474e-101 0.6039531771285559 0.6108956902175036
462 1.8052631568079918e-101 0.6052580354725499 0.6095790861319018
463 2.961491294367284e-101 0.6065628847235067 0.6082681449792312
464 4.868726595025622e-101 0.6078677249206536 0.6069628303018153
465 8.021457578554889e-101 0.6091725561029641 0.6056631059542592
466 1.324409147543599e-100 0.6104773783091609 0.6043689361001139
467 2.191391827796077e-100 0.6117821915777181 0.6030802852085829
468 3.633665171193843e-100 0.6130869959468627 0.6017971180512697
469 6.038023550129855e-100 0.614391791454577 0.6005193996989676
470 1.0054668597145464e-99 0.6156965781386009 0.5992470955184904
471 1.6778835762976537e-99 0.6170013560364338 0.5979801711695433
472 2.8059184186927314e-99 0.6183061251853365 0.5967185926016326
473 4.702247346541041e-99 0.6196108856223332 0.5954623260510153
474 7.896800756019925e-99 0.6209156373842142 0.5942113380376874
475 1.3289549105707363e-98 0.6222203805075366 0.5929655953624087
476 2.241200705343631e-98 0.6235251150286273 0.5917250651037663
477 3.787571014843876e-98 0.6248298409835847 0.5904897146152746
478 6.414287871739842e-98 0.6261345584082805 0.5892595115225108
479 1.0885336165667994e-97 0.6274392673383612 0.588034423720287
480 1.8511392746023777e-97 0.6287439678092508 0.5868144193698578
481 3.1545565574039523e-97 0.6300486598561521 0.5855994668961605
482 5.386884271128142e-97 0.6313533435140487 0.5843895349850924
483 9.21796840743488e-97 0.6326580188177067 0.5831845925808199
484 1.5806261901813566e-96 0.6339626858016766 0.5819846088831211
485 2.7159243836614772e-96 0.6352673445002951 0.5807895533447615
486 4.676262456892509e-96 0.6365719949476868 0.5795993956689017
487 8.068094086771342e-96 0.6378766371777659 0.578414105806538
488 1.3948646835853404e-95 0.6391812712242382 0.5772336539539711
489 2.41646458765997e-95 0.6404858971206021 0.5760580105503107
490 4.1948285474782493e-95 0.6417905149001514 0.574887146275006
491 7.296786116473005e-95 0.6430951245959761 0.5737210320454087
492 1.2718352141386167e-94 0.6443997262409639 0.5725596390143649
493 2.221314824649573e-94 0.645704319867803 0.5714029385678363
494 3.8874753255856087e-94 0.6470089055089823 0.5702509023225503
495 6.817131388573834e-94 0.648313483196794 0.5691035021236782
496 1.1978719799008242e-93 0.649618052963335 0.5679607100425411
497 2.109075432015538e-93 0.6509226148405078 0.5668224983743452
498 3.7208745913657203e-93 0.6522271688600234 0.5656888396359404
499 6.577599433922647e-93 0.6535317150534012 0.5645597065636107
500 1.1650848187447697e-92 0.6548362534519718 0.5634350721108872
501 2.067824451147185e-92 0.6561407840868783 0.5623149094463886
502 3.677342386640616e-92 0.6574453069890768 0.5611991919516878
503 6.552650893619229e-92 0.6587498221893394 0.560087893219203
504 1.1699326075335646e-91 0.6600543297182546 0.558980987050114
505 2.0929738839734047e-91 0.6613588296062292 0.5578784474523039
506 3.7516665028583037e-91 0.6626633218834894 0.5567802486383238
507 6.738145816115922e-91 0.6639678065800826 0.5556863650233831
508 1.212580736227419e-90 0.6652722837258785 0.5545967712233618
509 2.18641867234935e-90 0.6665767533505709 0.5535114420528476
510 3.9500875794733745e-90 0.6678812154836784 0.5524303525231947
511 7.1503811501876574e-90 0.6691856701545466 0.5513534778406062
512 1.2968778537849e-89 0.6704901173923489 0.5502807934042389
513 2.356756531082864e-89 0.6717945572260877 0.5492122748043293
514 4.2911577894403724e-89 0.6730989896845966 0.5481478978203428
515 7.828467109887217e-89 0.6744034147965406 0.5470876384191422
516 1.4309347461237217e-88 0.6757078325904181 0.5460314727531809
517 2.6206085501055687e-88 0.6770122430945622 0.5449793771587126
518 4.8086380144663295e-88 0.6783166463371415 0.5439313281540256
519 8.840524098484474e-88 0.6796210423461618 0.5428873024376947
520 1.6284271263646049e-87 0.6809254311494674 0.5418472768868551
521 3.0053249242491663e-87 0.6822298127747418 0.5408112285554946
522 5.557068281064321e-87 0.6835341872495097 0.5397791346727665
523 1.0295077975611665e-86 0.6848385546011373 0.5387509726413208
524 1.9109158959172264e-86 0.6861429148568347 0.5377267200356554
525 3.553693399856563e-86 0.6874472680436555 0.5367063546004855
526 6.621299281060065e-86 0.6887516141885 0.5356898542491315
527 1.2360322355443974e-85 0.6900559533181142 0.5346771970619255
528 2.311735458958131e-85 0.6913602854590928 0.5336683612846351
529 4.331782857416112e-85 0.6926646106378791 0.5326633253269069
530 8.13230919316175e-85 0.693968928880767 0.5316620677607244
531 1.5296011670371245e-84 0.6952732402139015 0.530664567318887
532 2.8824256625333655e-84 0.69657754466328 0.5296708028935025
533 5.441919106711487e-84 0.6978818422547537 0.5286807535344993
534 1.0293393641303365e-83 0.6991861330140283 0.5276943984481537
535 1.9506353813067238e-83 0.7004904169666654 0.5267117169956343
536 3.703421280303304e-83 0.7017946941380833 0.5257326886915624
537 7.044304757842503e-83 0.7030989645535582 0.5247572932025878
538 1.3423929212781762e-82 0.7044032282382254 0.5237855103459823
539 2.562867614248186e-82 0.7057074852170802 0.5228173200882468
540 4.9020327287848794e-82 0.7070117355149785 0.5218527025437343
541 9.393517950353165e-82 0.708315979156639 0.5208916379732897
542 1.8033535702170065e-81 0.709620216166643 0.519934106782902
543 3.4684271462306575e-81 0.7109244465694358 0.5189800895223728
544 6.683160329758924e-81 0.7122286703893282 0.5180295668840007
545 1.2901117536512052e-80 0.7135328876504969 0.5170825197012766
546 2.4949823374352607e-80 0.7148370983769857 0.5161389289475969
547 4.8339355888588164e-80 0.7161413025927064 0.5151987757349893
548 9.382661249461745e-80 0.7174455003214395 0.5142620413128514
549 1.8244903367763443e-79 0.7187496915868361 0.5133287070667051
550 3.5542339862540726e-79 0.7200538764124177 0.5123987545169629
551 6.936461017756845e-79 0.7213580548215779 0.5114721653177092
552 1.3561756607904848e-78 0.722662226837583 0.5105489212554924
553 2.6563089340302768e-78 0.7239663924835729 0.5096290042481328
554 5.212240496298262e-78 0.7252705517825621 0.5087123963435414
555 1.0245947481842676e-77 0.7265747047574409 0.5077990797185523
556 2.0177168275928137e-77 0.7278788514309756 0.506889036677767
557 3.980588810555575e-77 0.7291829918258101 0.5059822496524123
558 7.867052279581082e-77 0.7304871259644664 0.5050787011992095
559 1.5575893936731686e-76 0.7317912538693454 0.504178373999255
560 3.0893617695618776e-76 0.7330953755627281 0.5032812508569149
561 6.138440015998523e-76 0.7343994910667762 0.5023873146987298
562 1.2218541026816344e-75 0.7357036004035328 0.501496548572331
563 2.4364157762601355e-75 0.7370077035949237 0.50060893564537
564 4.866904289511295e-75 0.7383118006627581 0.49972445920445757
565 9.73917565944085e-75 0.7396158916287292 0.4988431026541145
566 1.952352474680552e-74 0.7409199765144149 0.4979648495157345
567 3.920663228698158e-74 0.7422240553412791 0.4970896834265558
568 7.887235159804779e-74 0.7435281281306723 0.4962175881386463
569 1.5894711006497085e-73 0.7448321949038321 0.49534854751789736
570 3.208793300423031e-73 0.7461362556818846 0.49448254554302884
571 6.489194268524102e-73 0.7474403104858444 0.49361956630460463
572 1.3146144746863063e-72 0.748744359336616 0.49275959400405833
573 2.6678617538504573e-72 0.7500484022549946 0.49190261295272925
574 5.4235567846167e-72 0.7513524392616664 0.491048607570908
575 1.104484709048591e-71 0.7526564703772095 0.4901975623868926
576 2.253141985591652e-71 0.753960495622095 0.4893494620360548
577 4.604361832169834e-71 0.7552645150166872 0.48850429125991374
578 9.425427605343258e-71 0.7565685285812449 0.4876620349052223
579 1.9327786316552407e-70 0.7578725363359218 0.4868226779230613
580 3.970190213613471e-70 0.759176538300767 0.48598620536794246
581 8.169347544767493e-70 0.7604805344957265 0.485152602396922
582 1.6838717352862585e-69 0.7617845249406431 0.4843218542687221
583 3.476761827790608e-69 0.7630885096552572 0.4834939463428627
584 7.190910773730997e-69 0.7643924886592083 0.4826688640788006
585 1.489822797551948e-68 0.7656964619720344 0.4818465930350787
586 3.0919027322944837e-68 0.7670004296131743 0.4810271188684835
587 6.427709813050756e-68 0.7683043916019664 0.4802104273332105
588 1.3385194171534864e-67 0.7696083479576512 0.4793965042800391
589 2.792092568892808e-67 0.7709122986993705 0.47858533565551586
590 5.83405374313965e-67 0.7722162438461692 0.47777690750114454
591 1.2210832402203688e-66 0.7735201834169949 0.4769712059525866
592 2.560077474240134e-66 0.7748241174306998 0.4761682172388674
593 5.376414009916761e-66 0.77612804590604 0.4753679276815932
594 1.131000578044454e-65 0.7774319688616773 0.4745703236941726
595 2.383209656348644e-65 0.778735886316179 0.4737753917810494
596 5.030252093485727e-65 0.7800397982880191 0.4729831185369399
597 1.0635162009683576e-64 0.7813437047955785 0.4721934906460807
598 2.2522889917715663e-64 0.7826476058571459 0.4714064948814817
599 4.777806449904395e-64 0.7839515014909185 0.47062211810418764
600 1.0152107744427496e-63 0.7852553917150022 0.4698403472625477
601 2.1607569046756385e-63 0.7865592765474128 0.4690611693914905
602 4.6065567684461536e-63 0.7878631560060756 0.46828457161180814
603 9.837088487862529e-63 0.7891670301088274 0.4675105411294463
604 2.1041426069447264e-62 0.7904708988734158 0.4667390652348013
605 4.5081776171578875e-62 0.7917747623175008 0.465970131302025
606 9.674821011726714e-62 0.7930786204586545 0.46520372678833594
607 2.0796955085720287e-61 0.7943824733143622 0.4644398392333368
608 4.477857696284275e-61 0.795686320902023 0.46367845625833976
609 9.657247680684617e-61 0.7969901632389501 0.4629195655656972
610 2.0861610523813705e-60 0.7982940003423715 0.4621631549381403
611 4.513906031000241e-60 0.7995978322294306 0.4614092122381228
612 9.782869330035649e-60 0.8009016589171868 0.460657725407172
613 2.1236742141659823e-59 0.8022054804226155 0.45990868246524585
614 4.6175997434587745e-59 0.8035092967626098 0.45916207151009664
615 1.0056579212373461e-58 0.8048131079539798 0.4584178807166398
616 2.1937580612370785e-58 0.8061169140134538 0.4576760983363305
617 4.7932545947045736e-58 0.8074207149576788 0.45693671269654457
618 1.0489974785387431e-57 0.8087245108032207 0.4561997121999669
619 2.2994259980570394e-57 0.8100283015665654 0.45546508532398455
620 5.048523085850578e-57 0.8113320872641188 0.4547328206200866
621 1.1102174413024045e-56 0.8126358679122074 0.454002906713269
622 2.4453972097662707e-56 0.813939643527079 0.4532753323014461
623 5.394948799331494e-56 0.8152434141249031 0.45255008615486697
624 1.1921219251486985e-55 0.8165471797217714 0.4518271571155375
625 2.638446818378956e-55 0.8178509403336982 0.4511065340966486
626 5.848833078116475e-55 0.8191546959766212 0.4503882060820088
627 1.2986203899512174e-54 0.8204584466664014 0.44967216212548383
628 2.887927026242797e-54 0.8217621924188248 0.44895839135043936
629 6.432504842054715e-54 0.8230659332496009 0.4482468829491914
630 1.4350361568010808e-53 0.8243696691743653 0.4475376261824599
631 3.206515101405173e-53 0.8256734002086787 0.44683061037882954
632 7.176131238382801e-53 0.8269771263680282 0.44612582493421316
633 1.6085442351249251e-52 0.8282808476678272 0.4454232593113225
634 3.6112713054363765e-52 0.8295845641234161 0.4447229030391428
635 8.120272827771423e-52 0.8308882757500629 0.4440247457124128
636 1.8287883515912838e-51 0.8321919825629635 0.4433287769911088
637 4.125128903211174e-51 0.8334956845772422 0.4426349865999349
638 9.319482255340953e-51 0.8347993818079522 0.4419433643278169
639 2.1087503530040817e-50 0.8361030742700757 0.4412539000274013
640 4.778995387628599e-50 0.8374067619785249 0.44056658361455964
641 1.0847385084043548e-49 0.8387104449481421 0.43988140506789575
642 2.4659794569786947e-49 0.8400141231937 0.4391983544282595
643 5.61472836160523e-49 0.8413177967299026 0.43851742179826436
644 1.2803888927788669e-48 0.8426214655713852 0.43783859734180863
645 2.92433992926234e-48 0.843925129732715 0.43716187128360257
646 6.689375541091543e-48 0.8452287892283915 0.4364872339086987
647 1.5325478092884564e-47 0.8465324440728471 0.43581467556202697
648 3.516512626180111e-47 0.8478360942804469 0.43514418664793425
649 8.081258429002627e-47 0.84913973986549 0.43447575762972807
650 1.8600021490473336e-46 0.8504433808422092 0.4338093790292241
651 4.287602433146177e-46 0.8517470172247716 0.4331450414262986
652 9.898768364120198e-46 0.8530506490272795 0.43248273545844407
653 2.2888239350473078e-45 0.8543542762637698 0.43182245182032974
654 5.300381963464069e-45 0.8556578989482154 0.431164181263366
655 1.229318712870182e-44 0.8569615170945248 0.4305079145952716
656 2.855507811106997e-44 0.8582651307165433 0.4298536426796467
657 6.642976882331777e-44 0.8595687398280525 0.4292013564355488
658 1.5477530028098413e-43 0.8608723444427712 0.42855104683707224
659 3.611595431239888e-43 0.862175944574356 0.4279027049129317
660 8.440225756401246e-43 0.8634795402364009 0.4272563217460504
661 1.975447834664899e-42 0.8647831314424387 0.4266118884731506
662 4.630550362145443e-42 0.8660867182059404 0.42596939628434893
663 1.0870617472843976e-41 0.8673903005403162 0.42532883642275443
664 2.5558148288913933e-41 0.8686938784589155 0.4246902001840712
665 6.018068765852473e-41 0.8699974519750279 0.4240534789162039
666 1.419176840910127e-40 0.8713010211018823 0.4234186640188669
667 3.351710638921884e-40 0.8726045858526488 0.42278574694319715
668 7.927681250267405e-40 0.8739081462404379 0.4221547191913707
669 1.877908948987406e-39 0.8752117022783015 0.42152557231622206
670 4.455029711883357e-39 0.8765152539792327 0.42089829792086714
671 1.0584575261743978e-38 0.8778188013561667 0.42027288765832993
672 2.518500615330899e-38 0.8791223444219812 0.41964933323117254
673 6.00144076469563e-38 0.8804258831894958 0.41902762639112734
674 1.4322303320148598e-37 0.8817294176714733 0.4184077589387344
675 3.423049170138776e-37 0.8830329478806199 0.4177897227229799
676 8.193234500429459e-37 0.8843364738295854 0.41717350964093985
677 1.9639872405803892e-36 0.885639995530963 0.41655911163742526
678 4.714786414970684e-36 0.8869435129972906 0.4159465207046314
679 1.1335078382152666e-35 0.8882470262410506 0.41533572888179016
680 2.72913635739216e-35 0.8895505352746702 0.4147267282548245
681 6.580565397548409e-35 0.8908540401105218 0.41411951095600713
682 1.5890498330679904e-34 0.8921575407609236 0.41351406916362193
683 3.842795086227707e-34 0.8934610372381392 0.41291039510162747
684 9.306607757554517e-34 0.8947645295543786 0.41230848103932444
685 2.2571953247468826e-33 0.8960680177217984 0.41170831929102575
686 5.482510843195594e-33 0.897371501752502 0.4111099022157292
687 1.333587640104727e-32 0.8986749816585397 0.4105132222167931
688 3.2485863254374203e-32 0.8999784574519093 0.40991827174161527
689 7.924961021218174e-32 0.9012819291445563 0.4093250432813137
690 1.9361046071573114e-31 0.9025853967483743 0.4087335293704113
691 4.736838228416375e-31 0.9038888602752054 0.4081437225865225
692 1.160580934186048e-30 0.9051923197368399 0.4075556155500422
693 2.8476627235762984e-30 0.9064957751450172 0.40696920092383915
694 6.997243813811882e-30 0.9077992265114263 0.40638447141295
695 1.7218285407125194e-29 0.9091026738477049 0.4058014197642767
696 4.243032322835886e-29 0.9104061171654414 0.40522003876628715
697 1.0470934102257164e-28 0.9117095564761737 0.40464032124871757
698 2.58771396531713e-28 0.9130129917913902 0.4040622600822778
699 6.404245634794507e-28 0.9143164231225299 0.4034858481783588
700 1.5872293077212323e-27 0.9156198504809832 0.40291107848874325
701 3.939403487426264e-27 0.9169232738780908 0.4023379440053181
702 9.79128005727989e-27 0.918226693325146 0.40176643775978965
703 2.4370577372951086e-26 0.9195301088333929 0.4011965528234013
704 6.074473272874438e-26 0.9208335204140284 0.40062828230665326
705 1.516236756401748e-25 0.9221369280782012 0.40006161935902573
706 3.7900080463380756e-25 0.9234403318370129 0.399496557168702
707 9.48696047144558e-25 0.9247437317015178 0.39893308896229757
708 2.3780831256998527e-24 0.9260471276827233 0.39837120800458764
709 5.969515562159971e-24 0.9273505197915904 0.3978109075982399
710 1.5005912226491155e-23 0.9286539080390336 0.39725218108354793
711 3.7774272719059516e-23 0.9299572924359212 0.3966950218381676
712 9.52224521094938e-23 0.931260672993076 0.3961394232768553
713 2.403761062754524e-22 0.9325640497212748 0.39558537885120826
714 6.076465894000223e-22 0.9338674226312497 0.39503288204940784
715 1.5382177459445573e-21 0.935170791733687 0.39448192639596386
716 3.899336428408537e-21 0.9364741570392286 0.3939325054514619
717 9.898488635609662e-21 0.937777518558472 0.39338461281231235
718 2.5162368616416444e-20 0.9390808763019701 0.39283824211050156
719 6.405274721023346e-20 0.9403842302802319 0.3922933870133452
720 1.6327766240947235e-19 0.9416875805037223 0.3917500412232437
721 4.1679041538741413e-19 0.9429909269828629 0.39120819847743926
722 1.0653928445506496e-18 0.9442942697280321 0.39066785254777564
723 2.7271065115867457e-18 0.9455976087495648 0.39012899724045946
724 6.990268682606716e-18 0.9469009440577533 0.38959162639582295
725 1.7942553712652543e-17 0.9482042756628473 0.3890557338880902
726 4.6118209165922795e-17 0.9495076035750539 0.3885213136251437
727 1.1870187695910795e-16 0.9508109278045385 0.3879883595482935
728 3.0594185118673115e-16 0.9521142483614239 0.3874568656320488
729 7.896152535267526e-16 0.9534175652557918 0.3869268258838902
730 2.0407353553813868e-15 0.9547208784976823 0.3863982343440448
731 5.281430332738887e-15 0.9560241880970941 0.385871085085263
732 1.3687033148834899e-14 0.957327494063985 0.38534537221259646
733 3.551887251232827e-14 0.958630796408272 0.3848210898631789
734 9.22997035452418e-14 0.9599340951398315 0.38429823220600773
735 2.4017727850427224e-13 0.9612373902684999 0.38377679344172805
736 6.2582543449371e-13 0.9625406818040727 0.38325676780241824
737 1.6329142420163185e-12 0.9638439697563065 0.3827381495513773
738 4.2664005245631315e-12 0.9651472541349173 0.38222093298291393
739 1.1162132045640338e-11 0.9664505349495822 0.38170511242213695
740 2.92428151533267e-11 0.967753812209939 0.3811906822247483
741 7.671440178615192e-11 0.969057085925586 0.3806776367768365
742 2.0152064207313542e-10 0.9703603561060833 0.3801659704946733
743 5.300859564334915e-10 0.971663622760952 0.37965567782451026
744 1.3962281809427206e-9 0.9729668858996746 0.37914675324237823
745 3.6825534413851353e-9 0.9742701455316959 0.37863919125388795
746 9.725758786854904e-9 0.9755734016664224 0.37813298639403237
747 2.572047173033512e-8 0.9768766543132227 0.37762813322699046
748 6.811058146156359e-8 0.978179903481428 0.3771246263459324
749 1.8060496902975112e-7 0.979483149180332 0.3766224603728273
750 4.795384981845376e-7 0.9807863914191912 0.37612162995825066
751 1.27495591848245e-6 0.9820896302072253 0.3756221297811952
752 3.394251343032234e-6 0.9833928655536167 0.3751239545488822
753 9.048346025020193e-6 0.9846960974675117 0.3746270989965744
754 2.4152940482030987e-5 0.9859993259580201 0.37413155788739094
755 6.455734613357777e-5 0.9873025510342152 0.37363732601212263
756 1.7278077333066883e-4 0.9886057727051343 0.37314439818905026
757 4.630399763984424e-4 0.9899089909797792 0.37265276926376306
758 1.2425507458679408e-3 0.991212205867116 0.37216243410897887
759 3.338732316825103e-3 0.9925154173760748 0.37167338762436647
760 8.982973836693978e-3 0.9938186255155511 0.371185624736368
761 2.420075896816875e-2 0.9951218302944049 0.3706991403980243
762 6.52840978864534e-2 0.9964250317214615 0.37021392958879995
763 0.17634154921983905 0.9977282298055112 0.3697299873144116
764 0.4769468403164211 0.9990314245553101 0.36924730860665544
765 1.2916731664644134 1.0003346159795798 0.36876588852323827
766 3.5026915630321835 1.0016378040870078 0.36828572214760813
767 9.510799231115216 1.002940988886247 0.3678068045887872
768 25.85813832821395 1.0042441703859177 0.3673291309812055
769 70.39501130537069 1.0055473485946054 0.3668526964845365
770 191.88903878845542 1.0068505235208627 0.3663774962835334
771 523.7467932254107 1.0081536951732084 0.3659035255878665
772 1431.3794664425566 1.009456863560129 0.36543077963196313
773 3916.9647063778916 1.0107600286900775 0.36495925367484744
774 10732.608275957367 1.0120631905714739 0.36448894299998147
775 29445.634722471987 1.013366349212706 0.3640198429151087
776 80890.19127822343 1.0146695046221292 0.3635519487520974
777 222499.6772975124 1.0159726568080663 0.3630852558667862
778 612802.8436911969 1.017275805778808 0.36261975963883014
779 1689932.2979573687 1.0185789515426134 0.3621554554715482
780 4666317.385049398 1.0198820941077096 0.36169233879177254
781 1.2901344276843565e7 1.0211852334822917 0.36123040504969717
782 3.5715000997960374e7 1.0224883696745242 0.36076964971873027
783 9.899668951034309e7 1.0237915026925395 0.36031006829534545
784 2.7475415821351874e8 1.025094632544439 0.35985165629893545
785 7.635206157986261e8 1.0263977592382938 0.3593944092716663
786 2.1244643658924606e9 1.0277008827821432 0.358938322778333
787 5.918744895914753e9 1.0290040031839964 0.35848339240621596
788 1.651051351692164e10 1.0303071204518321 0.3580296137649387
789 4.611493821223816e10 1.0316102345935985 0.3575769824863267
790 1.2896506338743864e11 1.0329133456172135 0.3571254942242673
791 3.611197337439351e11 1.0342164535305651 0.3566751446545703
792 1.0124611685338188e12 1.0355195583415115 0.3562259294748302
793 2.842188298944016e12 1.036822660057881 0.3557778444042892
794 7.988660181195226e12 1.038125758687472 0.35533088518370093
795 2.248231300542649e13 1.039428854238054 0.3548850475751956
796 6.335097282638478e13 1.0407319467173672 0.3544403273621464
797 1.7873522829036453e14 1.042035036133122 0.35399672034903606
798 5.0490645256298975e14 1.0433381224930005 0.3535542223613252
799 1.42808774617599e15 1.0446412058046557 0.35311282924532145
800 4.0442816796776335e15 1.0459442860757115 0.35267253686804917
801 1.1467526549113698e16 1.047247363313764 0.35223334111712085
802 3.255661861181006e16 1.04855043752638 0.35179523790060857
803 9.254422773342987e16 1.049853508721099 0.35135822314691745
804 2.6338995827268086e17 1.0511565769054312 0.3509222928046592
805 7.505649075970697e17 1.0524596420868595 0.350487442842527
806 2.1414887264143624e18 1.053762704272839 0.3500536692491712
807 6.117601141012558e18 1.055065763470797 0.3496209680330761
808 1.7497809629180475e19 1.0563688196881327 0.34918933522243717
809 5.0109805381181506e19 1.0576718729322185 0.34875876686504004
810 1.43680417933616e20 1.058974923210399 0.3483292590281396
811 4.124844933626688e20 1.0602779705299923 0.34790080779834
812 1.1856382167464372e21 1.0615810148982885 0.3474734092814763
813 3.4121696368023154e21 1.0628840563225512 0.3470470596024962
814 9.83200849104031e21 1.0641870948100176 0.3466217549053427
815 2.8365237761043843e22 1.0654901303678979 0.34619749135283867
816 8.19336894967112e22 1.0667931630033753 0.34577426512657033
817 2.3695716471762133e23 1.0680961927236075 0.3453520724267737
818 6.861321637728531e23 1.0693992195357256 0.3449309094722202
819 1.989187239910468e24 1.070702243446834 0.344510772500104
820 5.77394786663708e24 1.0720052644640121 0.34409165776593004
821 1.6780261120322873e25 1.0733082825943128 0.3436735615434028
822 4.882616237619338e25 1.074611297844763 0.3432564801243156
823 1.4224396392607138e26 1.0759143102223645 0.34284040981844116
824 4.14898477111843e26 1.0772173197340935 0.34242534695342297
825 1.2116465115775378e27 1.0785203263869005 0.3420112878746667
826 3.5427091284237296e27 1.0798233301877112 0.3415982289452336
827 1.0370982131150659e28 1.0811263311434256 0.34118616654573336
828 3.0396842392965276e28 1.082429329260919 0.3407750970742188
829 8.919913061119316e28 1.0837323245470423 0.340365016946081
830 2.6206903227461728e29 1.0850353170086204 0.3399559225939448
831 7.708912092925695e29 1.0863383066524548 0.33954781046756544
832 2.2703465772052364e30 1.0876412934853217 0.3391406770337258
833 6.694409520741335e30 1.0889442775139733 0.3387345187761349
834 1.9762997715522404e31 1.0902472587451368 0.3383293321953259
835 5.841349192896091e31 1.0915502371855164 0.3379251138085563
836 1.7285928018375613e32 1.092853212841791 0.33752186014970753
837 5.121424731040667e32 1.0941561857206163 0.3371195677691865
838 1.519171599836388e33 1.095459155828624 0.3367182332338268
839 4.511699842465708e33 1.0967621231724218 0.3363178531267913
840 1.3414987638984495e34 1.0980650877585945 0.3359184240474747
841 3.9935254152920717e34 1.0993680495937022 0.33551994261140805
842 1.1902497908797293e35 1.1006710086842828 0.33512240545016236
843 3.551686701702005e35 1.1019739650368503 0.3347258092112542
844 1.0610734529468095e36 1.1032769186578957 0.33433015055805126
845 3.173729474220933e36 1.1045798695538867 0.33393542616967886
846 9.504021512854708e36 1.1058828177312685 0.333541632740927
847 2.849425852705111e37 1.1071857631964632 0.3331487669821579
848 8.553013353513972e37 1.1084887059558701 0.33275682561921466
849 2.570349484972394e38 1.1097916460158659 0.3323658053933305
850 7.733495574042505e38 1.111094583382805 0.3319757030610379
851 2.329536620522076e39 1.112397518063019 0.33158651539407935
852 7.025426283555291e39 1.1137004500628176 0.33119823917931784
853 2.121214865442438e40 1.115003379388488 0.33081087121864916
854 6.412167948496538e40 1.1163063060462952 0.33042440832891334
855 1.940585437052124e41 1.117609230042483 0.33003884734180805
856 5.8798697567936214e41 1.118912151383272 0.3296541851038014
857 1.7836478414318233e42 1.1202150700748623 0.32927041847604677
858 5.4169695828949095e42 1.1215179861234315 0.3288875443342966
859 1.6470582958255328e43 1.1228208995351356 0.3285055595688182
860 5.013791236858786e43 1.1241238103161098 0.32812446108430915
861 1.5280150770504517e44 1.1254267184724671 0.3277442457998141
862 4.662217862350395e44 1.1267296240103 0.32736491064864137
863 1.424165422345562e45 1.128032526935679 0.32698645257828074
864 4.355426382701944e45 1.1293354272546539 0.32660886855032145
865 1.3335297360521282e46 1.1306383249732537 0.32623215554037094
866 4.0876710446990414e46 1.1319412200974863 0.325856310537974
867 1.2544397369351178e47 1.1332441126333386 0.32548133054653294
868 3.854106577568433e47 1.1345470025867772 0.3251072125832272
869 1.1854878724297093e48 1.135849889963748 0.3247339536789353
870 3.6506434236371904e48 1.1371527747701757 0.3243615508781552
871 1.125485870243769e49 1.1384556570119657 0.32399000123892713
872 3.473829025401858e49 1.1397585366950023 0.32361930183275556
873 1.0734307273170966e50 1.1410614138251498 0.3232494497445328
874 3.320750362190684e50 1.1423642884082525 0.3228804420724621
875 1.0284767763807226e51 1.1436671604501343 0.3225122759279819
876 3.188953888410701e51 1.1449700299565995 0.32214494843569064
877 9.899127408006857e51 1.1462728969334322 0.32177845673327166
878 3.076379788909372e52 1.1475757613863968 0.32141279797141903
879 9.571429041798556e52 1.1488786233212387 0.3210479693137636
880 2.9813080774992522e53 1.1501814827436825 0.3206839679367997
881 9.296716941231086e53 1.151484339659434 0.3203207910298123
882 2.9023145551503833e54 1.1527871940741798 0.3199584357948047
883 9.070911188638551e54 1.1540900459935868 0.31959689944642655
884 2.838235040562116e55 1.1553928954233024 0.31923617921190267
885 8.890706083404638e55 1.1566957423689554 0.3188762723309619
886 2.7881366081001372e56 1.1579985868361553 0.318517176055767
887 8.753489035115585e56 1.1593014288304926 0.3181588876508447
888 2.7512948325120737e57 1.1606042683575386 0.3178014043930157
889 8.657277137484351e57 1.1619071054228467 0.3174447235713264
890 2.727176259251685e58 1.1632099400319504 0.3170888424869801
891 8.600669256798794e58 1.1645127721903654 0.31673375845326857
892 2.715425503993996e59 1.1658156019035886 0.31637946879550516
893 8.582812008414923e59 1.1671184291770982 0.3160259708509569
894 2.715856543468296e60 1.1684212540163543 0.3156732619687784
895 8.603378463320429e60 1.1697240764267984 0.31532133950994523
896 2.728447899115017e61 1.1710268964138544 0.31497020084718785
897 8.66255884453895e61 1.1723297139829272 0.31461984336492727
898 2.753341541299814e62 1.1736325291394043 0.31427026445920886
899 8.761062857912185e62 1.1749353418886546 0.3139214615376385
900 2.7908454601985702e63 1.1762381522360297 0.31357343201931853
901 8.900133669572596e63 1.177540960186863 0.31322617333478364
902 2.84143996487162e64 1.1788437657464703 0.3128796829259384
903 9.08157390821767e64 1.1801465689201496 0.3125339582459935
904 2.9057878891578307e65 1.1814493697131816 0.3121889967594042
905 9.307784448909468e65 1.182752168130829 0.3118447959418078
906 2.9847490065687545e66 1.1840549641783376 0.3115013532799623
907 9.581817141854299e66 1.1853577578609356 0.31115866627168504
908 3.079399091358758e67 1.1866605491838336 0.3108167324257924
909 9.907443101036929e67 1.1879633381522254 0.31047554926203863
910 3.1910542149247105e68 1.189266124771288 0.3101351143110568
911 1.0289238682351116e69 1.1905689090461802 0.3097954251142984
912 3.3213010419876025e69 1.1918716909820448 0.3094564792239748
913 1.0732691880669107e70 1.1931744705840075 0.3091182742029981
914 3.472034097091569e70 1.1944772478571772 0.30878080762492277
915 1.1244332585945764e71 1.1957800228066457 0.30844407707388766
916 3.6455012177952075e71 1.1970827954374883 0.3081080801445583
917 1.1831890991254787e72 1.198385565754764 0.30777281444206983
918 3.844358707478315e72 1.1996883337635147 0.3074382775819696
919 1.250448947904129e73 1.2009910994687663 0.3071044671901615
920 4.071738061465062e73 1.202293862875528 0.30677138090284883
921 1.3272874573507028e74 1.2035966239887927 0.3064390163664792
922 4.3313265820020833e74 1.2048993828135373 0.30610737123768866
923 1.4149697096444179e75 1.2062021393547222 0.30577644318324687
924 4.627464741606826e75 1.207504893617292 0.3054462298800026
925 1.5149850575745423e76 1.2088076456061752 0.30511672901482867
926 4.965263826949698e76 1.2101103953262837 0.3047879382845687
927 1.6290880324515414e77 1.2114131427825146 0.30445985539598286
928 5.350748230280596e77 1.2127158879797482 0.3041324780656948
929 1.7593478553529542e78 1.2140186309228493 0.3038058040201392
930 5.791027794967102e78 1.2153213716166675 0.3034798309955078
931 1.908208455227729e79 1.2166241100660362 0.30315455673769864
932 6.294506920042065e79 1.217926846275773 0.3028299790022629
933 2.0785613566994402e80 1.2192295802506812 0.3025060955543539
934 6.871138754709711e80 1.2205323119955471 0.30218290416867594
935 2.273834376439211e81 1.2218350415151427 0.30186040262943264
936 7.532734855689557e81 1.2231377688142244 0.3015385887302771
937 2.498099791276633e82 1.2244404938975333 0.30121746027426083
938 8.293343251092064e82 1.2257432167697955 0.30089701507378447
939 2.7562065542785166e83 1.2270459374357217 0.30057725095054766
940 9.169711099433737e83 1.2283486559000076 0.3002581657354998
941 3.0539422889539066e84 1.2296513721673343 0.29993975726879096
942 1.018185223847173e85 1.230954086242368 0.2996220233997233
943 3.398232253737971e85 1.2322567981297592 0.2993049619867024
944 1.1353745127315827e86 1.2335595078341446 0.29898857089718944
945 3.797384325844328e86 1.2348622153601454 0.2986728480076531
946 1.271419330942003e87 1.2361649207123688 0.2983577912035223
947 4.261391418046512e87 1.2374676238954072 0.2980433983791387
948 1.4297888969262219e88 1.238770324913838 0.2977296674377101
949 4.802305760225782e88 1.2400730237722248 0.29741659629126377
950 1.6146730949482133e89 1.2413757204751164 0.29710418286060003
951 5.434703340093367e89 1.242678415027047 0.2967924250752459
952 1.8311462426022176e90 1.243981107432537 0.2964813208734101
953 6.176261753043356e90 1.2452837976960927 0.296170868201937
954 2.0853711205763223e91 1.2465864858222053 0.29586106501626175
955 7.048481085071812e91 1.247889171815353 0.29555190928036523
956 2.3848538492727214e92 1.2491918556799992 0.29524339896672946
957 8.077585672089715e92 1.2504945374205934 0.2949355320562936
958 2.738763151314019e93 1.2517972170415714 0.2946283065384091
959 9.295655205339142e93 1.253099894547355 0.2943217204107971
960 3.15833136350413e94 1.2544025699423522 0.29401577167950405
961 1.0742047426445248e95 1.2557052432309572 0.2937104583588584
962 3.6573595255911883e95 1.2570079144175503 0.2934057784714283
963 1.2465192555665157e96 1.2583105835064985 0.2931017300479786
964 4.252855332387392e96 1.259613250502155 0.2927983111274283
965 1.4524862920184376e97 1.2609159154088594 0.2924955197568085
966 4.965841163058115e97 1.262218578230938 0.2921933539912204
967 1.6995051719100103e98 1.2635212389727037 0.29189181189379376
968 5.822380425417289e98 1.2648238976384558 0.2915908915356458
969 1.996763477334314e99 1.2661265542324804 0.29129059099583937
970 6.854884912375472e99 1.2674292087590504 0.2909909083613427
971 2.355704152743943e100 1.2687318612224252 0.2906918417269884
972 8.103784883499999e100 1.2700345116268517 0.2903933891954335
973 2.7906230599644215e101 1.2713371599765626 0.2900955488771187
974 9.619668660088607e101 1.2726398062757789 0.28979831889022906
975 3.319435632658857e102 1.2739424505287074 0.2895016973606543
976 1.1466031677609074e103 1.2752450927395427 0.2892056824219489
977 3.964663343260393e103 1.2765477329124664 0.2889102722152938
978 1.3722818897577844e104 1.2778503710516471 0.2886154648894565
979 4.7547067177546644e104 1.2791530071612407 0.28832125860075336
980 1.6491002920941887e105 1.2804556412453905 0.28802765151301046
981 5.725492963718789e105 1.2817582733082267 0.2877346417975258
982 1.9898518051044148e106 1.2830609033538671 0.28744222763303096
983 6.922614751110265e106 1.2843635313864172 0.2871504072056539
984 2.4107974696871548e107 1.28566615740997 0.2868591787088808
985 8.404114801338653e107 1.2869687814286053 0.2865685403435195
986 2.9326718108220653e108 1.2882714034463911 0.28627849031766156
987 1.0244122104905267e109 1.2895740234673834 0.2859890268466468
988 3.5819983087667126e109 1.2908766414956245 0.28570014815302486
989 1.253761446020723e110 1.292179257535146 0.28541185246652045
990 4.39281492757135e110 1.2934818715899663 0.28512413802399633
991 1.5406674994320007e111 1.294784483664092 0.28483700306941767
992 5.408944353541469e111 1.2960870937615174 0.2845504458538161
993 1.900873617439433e112 1.297389701886225 0.28426446463525434
994 6.68698994747192e112 1.298692308042185 0.28397905767879117
995 2.3547475655882968e113 1.2999949122333556 0.28369422325644567
996 8.300301425100647e113 1.3012975144636834 0.2834099596471629
997 2.928726088325999e114 1.3026001147371027 0.28312626513677935
998 1.0344240181712284e115 1.303902713057536 0.2828431380179877
999 3.6572356869603217e115 1.305205309428895 0.28256057659030365
1000 1.2943191619626046e116 1.3065079038550778 0.28227857916003085
