1 1.8749999999999992e-2 1.8749999999999992e-2 3.4073416799996794
2 5.502823538378387e-3 7.418101872027902e-2 2.6087459737497545
3 2.1093749999999993e-3 0.12824819600075227 2.0347158847391453
4 1.036692648748071e-3 0.17943720867140028 1.6382303585154712
5 6.328124999999996e-4 0.22922132037236978 1.3650356852062904
6 4.6358678154583634e-4 0.27819874983803417 1.171154567003884
7 3.958374023437496e-4 0.3265359300689468 1.027654699912481
8 3.8518522065579097e-4 0.37429041176495886 0.9170706857022537
9 4.2001693725585886e-4 0.42150955378801386 0.8289562920451976
10 5.066816444804283e-4 0.46824539735104814 0.7568715138054333
11 6.694420852661122e-4 0.5145510343713758 0.6966660159428706
12 9.60922551044903e-4 0.5604764451719635 0.6455429023174531
13 1.4885494791984533e-3 0.6060664618362734 0.6015414496928325
14 2.4745584530518343e-3 0.6513602706634019 0.5632406662034335
15 4.393430022962979e-3 0.6963916913366891 0.5295818685701503
16 8.296035577700315e-3 0.7411897638025503 0.49975791393100244
17 1.6600108465407278e-2 0.7857794063933317 0.4731413644783006
18 3.508488099262055e-2 0.8301820401216384 0.4492363272597481
19 7.809894005373812e-2 0.8744161400263136 0.42764522559876905
20 0.18262553953312022 0.9184977052199799 0.4080452964773015
21 0.44756192782944926 0.9624406524569555 0.39017160504623366
22 1.14708995232089 1.0062571427790097 0.37380453589159995
23 3.0686892270711663 1.04995785168488 0.35876042734326935
24 8.553588950140762 1.0935521925376053 0.3448844553925057
25 24.801317706262243 1.1370485016280576 0.332045155532505
26 74.69260518644838 1.1804541919323321 0.32013015551401636
27 233.31949177520733 1.223775881333541 0.3090428156972042
28 754.9746505151262 1.2670194999912356 0.2986995581446698
29 2527.5385581570486 1.3101903806407758 0.2890277242965202
30 8744.969238881695 1.3532933348727376 0.27996384250879824
31 31236.066631021728 1.3963327178535276 0.27145221641823386
32 115070.22135673215 1.4393124834771758 0.26344376663658026
33 436792.34785414796 1.482236231562018 0.2558950740988489
34 1706919.7185304977 1.5251072484054211 0.24876758513928882
35 6861503.7508796295 1.5679285417692568 0.24202694718429693
36 2.8350164437081385e7 1.6107028711759386 0.23564245062822345
37 1.2031008997529845e8 1.6534327742396357 0.22958655755977536
38 5.240293301752844e8 1.6961205896319114 0.2238345019371137
39 2.3411463632291613e9 1.7387684771794223 0.21836394886111016
40 1.0721304388565722e10 1.781378435508591 0.2131547029823147
41 5.0298230527220695e10 1.8239523175845782 0.20818845795576893
42 2.415995152714321e11 1.8664918444364214 0.20344858034631216
43 1.1875212638996008e12 1.9089986173145268 0.19891992257363514
44 5.969845797924089e12 1.9514741284889203 0.19458866043770967
45 3.06793098040526e13 1.9939197708653151 0.190442151532146
46 1.610951648951206e14 2.036336846569916 0.18646881147447944
47 8.63925519883353e14 2.0787265746320354 0.18265800538842553
48 4.729743533803514e15 2.1210900978752645 0.17899995248714626
49 2.6423155247167736e16 2.163428489112498 0.17548564194679317
50 1.5057160776252666e17 2.205742756727067 0.1721067585403732
51 8.748732998024899e17 2.2480338497111867 0.16885561673466787
52 5.181191580835753e18 2.2903026622235165 0.16572510214650252
53 3.1263770628154642e19 2.3325500377196167 0.16270861941630593
54 1.9214575564778917e20 2.3747767727022393 0.159800045692362
55 1.2024136464747782e21 2.416983620132493 0.15699368903307082
56 7.658993516748874e21 2.4591712925378832 0.15428425113065392
57 4.964209542205925e22 2.501340464848859 0.15166679384109163
58 3.273102448125302e23 2.543491776991726 0.14913670907415724
59 2.19469939255383e24 2.5856258362625297 0.14668969165622853
60 1.4961510708585923e25 2.6277432195036536 0.1443217148287907
61 1.0366777256170223e26 2.6698444751024364 0.1420290080885578
62 7.29905629539167e26 2.7119301248289207 0.13980803711207135
63 5.220770168985838e27 2.75400066552799 0.1376554855394269
64 3.7926350326885593e28 2.7960565706794744 0.13556823841921445
65 2.7975837680804587e29 2.8380982918383637 0.1335433671404876
66 2.0948878465355762e30 2.8801262599659916 0.13157811569815442
67 1.5921248267009195e31 2.922140886661919 0.12966988815606045
68 1.227829258852112e32 2.964142565305252 0.12781623718760665
69 9.606207207069659e32 3.00613167211325 0.12601485358733217
70 7.62307532295172e33 3.048108567124295 0.1242635566587758
71 6.1346025559886955e34 3.0900735951116123 0.12256028539434233
72 5.005375547429888e35 3.132027086433484 0.12090309037204
73 4.1399897488372465e36 3.1739693578251877 0.11929012630199651
74 3.4705217247875086e37 3.2159007131373687 0.11771964516274469
75 2.9481245207540274e38 3.2578214440251236 0.11618998987352276
76 2.5373309042914742e39 3.2997318305917007 0.11469958845436387
77 2.2121534510134842e40 3.341632141990332 0.11324694863064656
78 1.9533890120328043e41 3.3835226369874265 0.1118306528431235
79 1.746738449942724e42 3.425403564490064 0.11044935362830545
80 1.5814836325987135e43 3.4672751640404513 0.10910176933751338
81 1.4495490240000522e44 3.509137666279807 0.10778668016597409
82 1.3448313110376725e45 3.5509912933839014 0.10650292446606681
83 1.2627177307850855e46 3.5928362594722985 0.10524939532127144
84 1.1997387034202598e47 3.634672770993196 0.1040250373595557
85 1.1533172531084433e48 3.6765010270855703 0.10282884378689786
86 1.1215892454247313e49 3.7183212199202162 0.10165985362340053
87 1.103276470945615e50 3.7601335350211467 0.10051714912603153
88 1.0976002408925192e51 3.8019381515686814 9.939985338344996e-2
89 1.1042272232116484e52 3.843735242685467 9.830712806965614e-2
90 1.1232422764188993e53 3.885524975706571 9.723817134436051e-2
91 1.1551454134622037e54 3.927307512434687 9.61922158890088e-2
92 1.2008720277273434e55 3.9690830093814458 9.516852706834499e-2
93 1.261837358126748e56 4.010851617995712 9.416640120824679e-2
94 1.3400080516364049e57 4.052613484879702 9.318516398134181e-2
95 1.4380057880294236e58 4.094368751993701 9.222416889261491e-2
96 1.559250471211973e59 4.136117556850089 9.128279585785294e-2
97 1.7081537178594563e60 4.177860032697334 9.036044986835366e-2
98 1.8903776158131896e61 4.219596308694568 8.9456559735851e-2
99 2.113179426299348e62 4.261326510077337 8.857057691208968e-2
100 2.3858706807304356e63 4.303050758315018 8.770197437791863e-2
101 2.7204298394120804e64 4.34476917126044 8.685024559717285e-2
102 3.132322563634335e65 4.386481863292137 8.601490353097639e-2
103 3.641604460448296e66 4.428188945449683 8.519547970843398e-2
104 4.274410418147799e67 4.469890525562498 8.439152334998198e-2
105 5.06497601710695e68 4.511586708372504 8.360260053994993e-2
106 6.058395294398319e69 4.553277595650978 8.282829344513896e-2
107 7.314403137390577e70 4.59496328630993 8.206819957645846e-2
108 8.912591204801743e71 4.636643876508311 8.132193109087733e-2
109 1.0959640388817025e73 4.678319459753327 8.05891141311454e-2
110 1.3599405461861797e74 4.719990126997146 7.986938820092045e-2
111 1.7027056007554433e75 4.761655966729229 7.916240557310626e-2
112 2.1509017928756592e76 4.803317065064529 7.846783072935984e-2
113 2.741125596162134e77 4.844973505827776 7.778533982886801e-2
114 3.523961715912998e78 4.88662537063405 7.711462020462634e-2
115 4.5697712140214693e79 4.928272738965859 7.645536988557203e-2
116 5.977044151196809e80 4.9699156882468545 7.580729714303677e-2
117 7.884523491081657e81 5.011554293912418 7.517012006008644e-2
118 1.048890634307787e83 5.053188629477228 7.454356612241207e-2
119 1.407084056839119e84 5.094818766599992 7.392737182952377e-2
120 1.9033329902270152e85 5.136444775145468 7.332128232508155e-2
121 2.595880663663636e86 5.17806672324391 7.272505104527319e-2
122 3.569444952396987e87 5.2196846773480905 7.213843938421927e-2
123 4.9480484785450254e88 5.261298702287972 7.1561216375451e-2
124 6.914427575664362e89 5.302908861323188 7.099315838856722e-2
125 9.739568900174282e90 5.34451521619342 7.043404884023308e-2
126 1.3827927061621483e92 5.386117827166744 6.988367791873565e-2
127 1.9787062549428654e93 5.427716753086105 6.934184232135984e-2
128 2.853553047772645e94 5.469312051413941 6.880834500389409e-2
129 4.1471031567626767e95 5.510903778275092 6.828299494161706e-2
130 6.073405480103075e96 5.552491988498045 6.776560690115582e-2
131 8.96237155960524e97 5.5940767356546015 6.725600122264311e-2
132 1.3325757399605663e99 5.635658072098043 6.675400361163518e-2
133 1.9962484163695902e100 5.67723604899985 6.625944494028373e-2
134 3.012775640014352e101 5.718810716385061 6.577216105728528e-2
135 4.580624372962793e102 5.760382123166298 6.529199260615912e-2
136 7.015598988673985e103 5.801950317176561 6.481878485143115e-2
137 1.0823404056022019e105 5.843515345200804 6.435238751232518e-2
138 1.681896270584996e106 5.885077253006376 6.389265460358583e-2
139 2.6323781364542077e107 5.926636085372356 6.343944428307934e-2
140 4.149434419236109e108 5.968191886117845 6.2992618705837e-2
141 6.587175615945008e109 6.009744698129249 6.255204388422661e-2
142 1.0530712038981125e111 6.051294563386597 6.211758955395318e-2
143 1.6952866514297877e112 6.0928415229889366 6.168912904560757e-2
144 2.7481124756623495e113 6.134385617178854 6.126653916149686e-2
145 4.48550303848305e114 6.1759268853661355 6.084970005750478e-2
146 7.3714464233087695e115 6.217465366150623 6.043849512974413e-2
147 1.2196608150954762e117 6.2590010973442896 6.003281090577595e-2
148 2.031657016710055e118 6.3005341159925665 5.9632536940182175e-2
149 3.4069605637406045e119 6.34206445839495 5.923756571428977e-2
150 5.751351397815373e120 6.383592160124931 5.8847792539855275e-2
151 9.773266166135646e121 6.425117256049247 5.8463115466528166e-2
152 1.671697802648086e123 6.466639780346515 5.808343519292136e-2
153 2.878097338932557e124 6.508159766525243 5.770865498112588e-2
154 4.987288890849845e125 6.54967724744126 5.733868057451481e-2
155 8.697948471919554e126 6.59119225531458 5.697342011869017e-2
156 1.5266677783779713e128 6.632704821745734 5.66127840854332e-2
157 2.696683802149896e129 6.674214977731569 5.625668519952556e-2
158 4.793534835167712e130 6.715722753680541 5.590503836831618e-2
159 8.574423656749365e131 6.757228179427556 5.555776061391402e-2
160 1.5433350016274713e133 6.798731284248307 5.5214771007893446e-2
161 2.79514878619498e134 6.840232096873191 5.487599060840388e-2
162 5.093573264382989e135 6.8817306455007925 5.45413423995816e-2
163 9.338921706521957e136 6.923226957810943 5.421075123316546e-2
164 1.7227065654106858e138 6.964721060977385 5.388414377222394e-2
165 3.197056582531617e139 7.006212981680059 5.356144843690464e-2
166 5.968950944815744e140 7.047702746117014 5.324259535212223e-2
167 1.1210856468096316e142 7.089190380015955 5.2927516297104335e-2
168 2.1181527591744678e143 7.13067590864546 5.2616144656718815e-2
169 4.0256707765151515e144 7.1721593568258575 5.23084153745096e-2
170 7.696028923248361e145 7.2136407489397705 5.200426490737143e-2
171 1.479884185836742e147 7.255120108942377 5.170363118179714e-2
172 2.8622442022171785e148 7.2965974603713555 5.140645355163428e-2
173 5.567869410291549e149 7.338072826356541 5.111267275729056e-2
174 1.0893324707809111e151 7.379546229629318 5.0822230886330616e-2
175 2.1434172640262885e152 7.421017692531721 5.0535071335408945e-2
176 4.2414450150868545e153 7.462487237025303 5.025113877348633e-2
177 8.440495317341424e154 7.50395488469973 4.9970379106279925e-2
178 1.6890997163318863e156 7.5454206567811495 4.969273944189855e-2
179 3.3990875433760406e157 7.58688457414032 4.9418168057617624e-2
180 6.878214383448972e158 7.6283466573005025 4.9146614367749815e-2
181 1.3995296465350177e160 7.669806926445159 4.887802889256944e-2
182 2.8633103221308046e161 7.711265401425418 4.861236322825058e-2
183 5.8900866610550234e162 7.7527221017673345 4.834957001778046e-2
184 1.2182293780252763e164 7.794177046678977 4.808960292281144e-2
185 2.5332489851926093e165 7.8356302550572945 4.783241659641646e-2
186 5.296092410648549e166 7.877081745494809 4.7577966656714245e-2
187 1.1131397120984698e168 7.918531536286135 4.732620966133204e-2
188 2.3520576020436357e169 7.959979645434327 4.707710308267518e-2
189 4.996181684996703e170 8.001426090657034 4.6830605283973606e-2
190 1.0668625047019196e172 8.042870889392526 4.658667549607723e-2
191 2.290059321343403e173 8.084314058805543 4.634527379497292e-2
192 4.941300663093301e174 8.125755615792983 4.6106361079997056e-2
193 1.071717773285095e176 8.167195576989478 4.586989905271863e-2
194 2.336429326023503e177 8.208633958772783 4.563585019646897e-2
195 5.119723454180945e178 8.250070777269054 4.5404177756495176e-2
196 1.1275886288786623e180 8.291506048357979 4.517484572071506e-2
197 2.496054188761962e181 8.332939787677796 4.4947818801052544e-2
198 5.553226508743316e182 8.37437201063016 4.4723062415333165e-2
199 1.2416919166160253e184 8.415802732384885 4.4500542669720096e-2
200 2.790284886707507e185 8.457231967884619 4.428022634167217e-2
201 6.301424173348381e186 8.498659731849333 4.406208086340553e-2
202 1.4301240544864606e188 8.540086038780746 4.384607430584206e-2
203 3.26169235701886e189 8.581510902966611 4.36321753630275e-2
204 7.475429152640217e190 8.622934338484932 4.3420353337003795e-2
205 1.7216417136498725e192 8.664356359208034 4.321057812311981e-2
206 3.98430613157825e193 8.70577697880657 4.3002820195766026e-2
207 9.265220544699385e194 8.747196210753422 4.279705059451878e-2
208 2.1649203428719515e196 8.78861406832749 4.259324091068057e-2
209 5.082779090259558e197 8.830030564617404 4.2391363274203155e-2
210 1.1990128879277238e199 8.871445712525171 4.219139034098084e-2
211 2.841842561332028e200 8.912859524769678 4.199329528050179e-2
212 6.76737213012084e201 8.954272013890174 4.179705176384568e-2
213 1.6191027463747085e203 8.995683192249633 4.1602633952016355e-2
214 3.8918274940047045e204 9.03709307203804 4.141001648459864e-2
215 9.39827564534336e205 9.07850166527563 4.121917446872895e-2
216 2.2800737196892164e207 9.119908983816 4.1030083468369366e-2
217 5.557077946104973e208 9.16131503934921 4.0842719493875836e-2
218 1.3606042925075616e210 9.202719843404765 4.065705899185084e-2
219 3.3465388944642462e211 9.244123407354543 4.047307883527158e-2
220 8.268555273704051e212 9.285525742415683 4.029075631388508e-2
221 2.0522214101139932e214 9.32692685965336 4.0110069124861876e-2
222 5.1164743788535175e215 9.368326769983527 3.9930995363699893e-2
223 1.2813290358158103e217 9.409725484175606 3.975351351537112e-2
224 3.2231843741820983e218 9.451123012855085 3.957760244570324e-2
225 8.143960662104292e219 9.492519366506084 3.940324139298933e-2
226 2.0668250565683855e221 9.533914555473855 3.9230409959818094e-2
227 5.268425842822798e222 9.575308589967229 3.9059088105118475e-2
228 1.34883482907846e224 9.616701480060998 3.888925613641167e-2
229 3.4683996637712947e225 9.658093235698278 3.872089470226453e-2
230 8.957436780427625e226 9.699483866692775 3.855398478493813e-2
231 2.323349150650447e228 9.74087338273103 3.838850769322566e-2
232 6.052199708352934e229 9.782261793374616 3.822444505547407e-2
233 1.5833322627887846e231 9.823649108062282 3.806177881278388e-2
234 4.1599008563861126e232 9.865035336112047 3.790049121238186e-2
235 1.0975849450275986e234 9.906420486723245 3.7740564801161613e-2
236 2.9082366700400205e235 9.94780456897856 3.758198241938703e-2
237 7.738380156709823e236 9.989187591845967 3.7424727194553725e-2
238 2.06771852109478e238 10.030569564180679 3.7268782535404145e-2
239 5.548124678155274e239 10.071950494727014 3.711413212609154e-2
240 1.4948819655289463e241 10.113330392120261 3.6960759920488806e-2
241 4.044510904929404e242 10.15470926488847 3.680865013663772e-2
242 1.0987935960475971e244 10.196087121454237 3.6657787251334874e-2
243 2.997435684030779e245 10.237463970136433 3.650815599485003e-2
244 8.210317947730935e246 10.2788398191519 3.635974134577349e-2
245 2.258079305254825e248 10.320214676617123 3.6212528525988566e-2
246 6.235630035152818e249 10.361588550549854 3.60665029957657e-2
247 1.7289256005454415e251 10.402961448870707 3.592165044897486e-2
248 4.813046112681557e252 10.444333379404739 3.577795680841282e-2
249 1.3452546042399544e254 10.485704349882962 3.5635408221242205e-2
250 3.77505035409711e255 10.527074367943866 3.54939910545391e-2
251 1.063574493016711e257 10.568443441134871 3.53536918909463e-2
252 3.0083831026684966e258 10.609811576913794 3.521449752442924e-2
253 8.543024362569707e259 10.651178782650248 3.507639495613183e-2
254 2.4355480012281795e261 10.692545065627037 3.493937139032938e-2
255 6.97078368703078e262 10.733910433041512 3.4803414230476074e-2
256 2.0029022557582067e264 10.775274892006907 3.46685110753444e-2
257 5.77729528506528e265 10.81663844955365 3.4534649715253954e-2
258 1.6728981856484413e267 10.858001112630642 3.4401818128387295e-2
259 4.862819108586644e268 10.899362888106513 3.427000447719062e-2
260 1.418972417066135e270 10.940723782770856 3.413919710485675e-2
261 4.156431718964672e271 10.98208380333544 3.4009384531888384e-2
262 1.2221425868696497e273 11.023442956435403 3.388055545273958e-2
263 3.607209417137308e274 11.064801248630399 3.375269873253311e-2
264 1.0687173330114898e276 11.106158686405752 3.3625803403852086e-2
265 3.1782655723522735e277 11.147515276173577 3.349985866360347e-2
266 9.487399944780536e278 11.188871024273872 3.337485386995202e-2
267 2.8426790965884085e280 11.230225936975614 3.3250778539322456e-2
268 8.549210639464122e281 11.271580020477792 3.3127622343468444e-2
269 2.580689477447425e283 11.312933280910467 3.3005375106606276e-2
270 7.818997569674282e284 11.354285724335792 3.288402680261193e-2
271 2.377749421203254e286 11.395637356748988 3.276356755227975e-2
272 7.257297049258013e287 11.436988184079366 3.264398762064104e-2
273 2.2231649924622477e289 11.478338212191257 3.252527741434126e-2
274 6.835191485505962e290 11.51968744688498 3.240742747907432e-2
275 2.109143494934761e292 11.561035893897763 3.229042849707224e-2
276 6.531791596156726e293 11.602383558904659 3.217427128464922e-2
277 2.0301288375327194e295 11.64373044751944 3.2058946789798405e-2
278 6.332487623014285e296 11.68507656529548 3.1944446089840234e-2
279 1.9823438494456477e298 11.72642191772662 3.1830760389120874e-2
280 6.227761527566817e299 11.767766510248018 3.171788101675987e-2
281 1.9634859984108146e301 11.809110348236977 3.160579942444525e-2
282 6.2124231443808135e302 11.850453437013776 3.1494507184275475e-2
283 1.9725417857887744e304 11.891795781842461 3.1383995986646714e-2
284 6.28518365420405e305 11.933137387931648 3.127425763818446e-2
285 2.0096987518994287e307 11.974478260435289 NaN
286 NaN NaN NaN
287 NaN NaN NaN
288 NaN NaN NaN
289 NaN NaN NaN
290 NaN NaN NaN
291 NaN NaN NaN
292 NaN NaN NaN
293 NaN NaN NaN
294 NaN NaN NaN
295 NaN NaN NaN
296 NaN NaN NaN
297 NaN NaN NaN
298 NaN NaN NaN
299 NaN NaN NaN
300 NaN NaN NaN
301 NaN NaN NaN
302 NaN NaN NaN
303 NaN NaN NaN
304 NaN NaN NaN
305 NaN NaN NaN
306 NaN NaN NaN
307 NaN NaN NaN
308 NaN NaN NaN
309 NaN NaN NaN
310 NaN NaN NaN
311 NaN NaN NaN
312 NaN NaN NaN
313 NaN NaN NaN
314 NaN NaN NaN
315 NaN NaN NaN
316 NaN NaN NaN
317 NaN NaN NaN
318 NaN NaN NaN
319 NaN NaN NaN
320 NaN NaN NaN
321 NaN NaN NaN
322 NaN NaN NaN
323 NaN NaN NaN
324 NaN NaN NaN
325 NaN NaN NaN
326 NaN NaN NaN
327 NaN NaN NaN
328 NaN NaN NaN
329 NaN NaN NaN
330 NaN NaN NaN
331 NaN NaN NaN
332 NaN NaN NaN
333 NaN NaN NaN
334 NaN NaN NaN
335 NaN NaN NaN
336 NaN NaN NaN
337 NaN NaN NaN
338 NaN NaN NaN
339 NaN NaN NaN
340 NaN NaN NaN
341 NaN NaN NaN
342 NaN NaN NaN
343 NaN NaN NaN
344 NaN NaN NaN
345 NaN NaN NaN
346 NaN NaN NaN
347 NaN NaN NaN
348 NaN NaN NaN
349 NaN NaN NaN
350 NaN NaN NaN
351 NaN NaN NaN
352 NaN NaN NaN
353 NaN NaN NaN
354 NaN NaN NaN
355 NaN NaN NaN
356 NaN NaN NaN
357 NaN NaN NaN
358 NaN NaN NaN
359 NaN NaN NaN
360 NaN NaN NaN
361 NaN NaN NaN
362 NaN NaN NaN
363 NaN NaN NaN
364 NaN NaN NaN
365 NaN NaN NaN
366 NaN NaN NaN
367 NaN NaN NaN
368 NaN NaN NaN
369 NaN NaN NaN
370 NaN NaN NaN
371 NaN NaN NaN
372 NaN NaN NaN
373 NaN NaN NaN
374 NaN NaN NaN
375 NaN NaN NaN
376 NaN NaN NaN
377 NaN NaN NaN
378 NaN NaN NaN
379 NaN NaN NaN
380 NaN NaN NaN
381 NaN NaN NaN
382 NaN NaN NaN
383 NaN NaN NaN
384 NaN NaN NaN
385 NaN NaN NaN
386 NaN NaN NaN
387 NaN NaN NaN
388 NaN NaN NaN
389 NaN NaN NaN
390 NaN NaN NaN
391 NaN NaN NaN
392 NaN NaN NaN
393 NaN NaN NaN
394 NaN NaN NaN
395 NaN NaN NaN
396 NaN NaN NaN
397 NaN NaN NaN
398 NaN NaN NaN
399 NaN NaN NaN
400 NaN NaN NaN
401 NaN NaN NaN
402 NaN NaN NaN
403 NaN NaN NaN
404 NaN NaN NaN
405 NaN NaN NaN
406 NaN NaN NaN
407 NaN NaN NaN
408 NaN NaN NaN
409 NaN NaN NaN
410 NaN NaN NaN
411 NaN NaN NaN
412 NaN NaN NaN
413 NaN NaN NaN
414 NaN NaN NaN
415 NaN NaN NaN
416 NaN NaN NaN
417 NaN NaN NaN
418 NaN NaN NaN
419 NaN NaN NaN
420 NaN NaN NaN
421 NaN NaN NaN
422 NaN NaN NaN
423 NaN NaN NaN
424 NaN NaN NaN
425 NaN NaN NaN
426 NaN NaN NaN
427 NaN NaN NaN
428 NaN NaN NaN
429 NaN NaN NaN
430 NaN NaN NaN
431 NaN NaN NaN
432 NaN NaN NaN
433 NaN NaN NaN
434 NaN NaN NaN
435 NaN NaN NaN
436 NaN NaN NaN
437 NaN NaN NaN
438 NaN NaN NaN
439 NaN NaN NaN
440 NaN NaN NaN
441 NaN NaN NaN
442 NaN NaN NaN
443 NaN NaN NaN
444 NaN NaN NaN
445 NaN NaN NaN
446 NaN NaN NaN
447 NaN NaN NaN
448 NaN NaN NaN
449 NaN NaN NaN
450 NaN NaN NaN
451 NaN NaN NaN
452 NaN NaN NaN
453 NaN NaN NaN
454 NaN NaN NaN
455 NaN NaN NaN
456 NaN NaN NaN
457 NaN NaN NaN
458 NaN NaN NaN
459 NaN NaN NaN
460 NaN NaN NaN
461 NaN NaN NaN
462 NaN NaN NaN
463 NaN NaN NaN
464 NaN NaN NaN
465 NaN NaN NaN
466 NaN NaN NaN
467 NaN NaN NaN
468 NaN NaN NaN
469 NaN NaN NaN
470 NaN NaN NaN
471 NaN NaN NaN
472 NaN NaN NaN
473 NaN NaN NaN
474 NaN NaN NaN
475 NaN NaN NaN
476 NaN NaN NaN
477 NaN NaN NaN
478 NaN NaN NaN
479 NaN NaN NaN
480 NaN NaN NaN
481 NaN NaN NaN
482 NaN NaN NaN
483 NaN NaN NaN
484 NaN NaN NaN
485 NaN NaN NaN
486 NaN NaN NaN
487 NaN NaN NaN
488 NaN NaN NaN
489 NaN NaN NaN
490 NaN NaN NaN
491 NaN NaN NaN
492 NaN NaN NaN
493 NaN NaN NaN
494 NaN NaN NaN
495 NaN NaN NaN
496 NaN NaN NaN
497 NaN NaN NaN
498 NaN NaN NaN
499 NaN NaN NaN
500 NaN NaN NaN
501 NaN NaN NaN
502 NaN NaN NaN
503 NaN NaN NaN
504 NaN NaN NaN
505 NaN NaN NaN
506 NaN NaN NaN
507 NaN NaN NaN
508 NaN NaN NaN
509 NaN NaN NaN
510 NaN NaN NaN
511 NaN NaN NaN
512 NaN NaN NaN
513 NaN NaN NaN
514 NaN NaN NaN
515 NaN NaN NaN
516 NaN NaN NaN
517 NaN NaN NaN
518 NaN NaN NaN
519 NaN NaN NaN
520 NaN NaN NaN
521 NaN NaN NaN
522 NaN NaN NaN
523 NaN NaN NaN
524 NaN NaN NaN
525 NaN NaN NaN
526 NaN NaN NaN
527 NaN NaN NaN
528 NaN NaN NaN
529 NaN NaN NaN
530 NaN NaN NaN
531 NaN NaN NaN
532 NaN NaN NaN
533 NaN NaN NaN
534 NaN NaN NaN
535 NaN NaN NaN
536 NaN NaN NaN
537 NaN NaN NaN
538 NaN NaN NaN
539 NaN NaN NaN
540 NaN NaN NaN
541 NaN NaN NaN
542 NaN NaN NaN
543 NaN NaN NaN
544 NaN NaN NaN
545 NaN NaN NaN
546 NaN NaN NaN
547 NaN NaN NaN
548 NaN NaN NaN
549 NaN NaN NaN
550 NaN NaN NaN
551 NaN NaN NaN
552 NaN NaN NaN
553 NaN NaN NaN
554 NaN NaN NaN
555 NaN NaN NaN
556 NaN NaN NaN
557 NaN NaN NaN
558 NaN NaN NaN
559 NaN NaN NaN
560 NaN NaN NaN
561 NaN NaN NaN
562 NaN NaN NaN
563 NaN NaN NaN
564 NaN NaN NaN
565 NaN NaN NaN
566 NaN NaN NaN
567 NaN NaN NaN
568 NaN NaN NaN
569 NaN NaN NaN
570 NaN NaN NaN
571 NaN NaN NaN
572 NaN NaN NaN
573 NaN NaN NaN
574 NaN NaN NaN
575 NaN NaN NaN
576 NaN NaN NaN
577 NaN NaN NaN
578 NaN NaN NaN
579 NaN NaN NaN
580 NaN NaN NaN
581 NaN NaN NaN
582 NaN NaN NaN
583 NaN NaN NaN
584 NaN NaN NaN
585 NaN NaN NaN
586 NaN NaN NaN
587 NaN NaN NaN
588 NaN NaN NaN
589 NaN NaN NaN
590 NaN NaN NaN
591 NaN NaN NaN
592 NaN NaN NaN
593 NaN NaN NaN
594 NaN NaN NaN
595 NaN NaN NaN
596 NaN NaN NaN
597 NaN NaN NaN
598 NaN NaN NaN
599 NaN NaN NaN
600 NaN NaN NaN
601 NaN NaN NaN
602 NaN NaN NaN
603 NaN NaN NaN
604 NaN NaN NaN
605 NaN NaN NaN
606 NaN NaN NaN
607 NaN NaN NaN
608 NaN NaN NaN
609 NaN NaN NaN
610 NaN NaN NaN
611 NaN NaN NaN
612 NaN NaN NaN
613 NaN NaN NaN
614 NaN NaN NaN
615 NaN NaN NaN
616 NaN NaN NaN
617 NaN NaN NaN
618 NaN NaN NaN
619 NaN NaN NaN
620 NaN NaN NaN
621 NaN NaN NaN
622 NaN NaN NaN
623 NaN NaN NaN
624 NaN NaN NaN
625 NaN NaN NaN
626 NaN NaN NaN
627 NaN NaN NaN
628 NaN NaN NaN
629 NaN NaN NaN
630 NaN NaN NaN
631 NaN NaN NaN
632 NaN NaN NaN
633 NaN NaN NaN
634 NaN NaN NaN
635 NaN NaN NaN
636 NaN NaN NaN
637 NaN NaN NaN
638 NaN NaN NaN
639 NaN NaN NaN
640 NaN NaN NaN
641 NaN NaN NaN
642 NaN NaN NaN
643 NaN NaN NaN
644 NaN NaN NaN
645 NaN NaN NaN
646 NaN NaN NaN
647 NaN NaN NaN
648 NaN NaN NaN
649 NaN NaN NaN
650 NaN NaN NaN
651 NaN NaN NaN
652 NaN NaN NaN
653 NaN NaN NaN
654 NaN NaN NaN
655 NaN NaN NaN
656 NaN NaN NaN
657 NaN NaN NaN
658 NaN NaN NaN
659 NaN NaN NaN
660 NaN NaN NaN
661 NaN NaN NaN
662 NaN NaN NaN
663 NaN NaN NaN
664 NaN NaN NaN
665 NaN NaN NaN
666 NaN NaN NaN
667 NaN NaN NaN
668 NaN NaN NaN
669 NaN NaN NaN
670 NaN NaN NaN
671 NaN NaN NaN
672 NaN NaN NaN
673 NaN NaN NaN
674 NaN NaN NaN
675 NaN NaN NaN
676 NaN NaN NaN
677 NaN NaN NaN
678 NaN NaN NaN
679 NaN NaN NaN
680 NaN NaN NaN
681 NaN NaN NaN
682 NaN NaN NaN
683 NaN NaN NaN
684 NaN NaN NaN
685 NaN NaN NaN
686 NaN NaN NaN
687 NaN NaN NaN
688 NaN NaN NaN
689 NaN NaN NaN
690 NaN NaN NaN
691 NaN NaN NaN
692 NaN NaN NaN
693 NaN NaN NaN
694 NaN NaN NaN
695 NaN NaN NaN
696 NaN NaN NaN
697 NaN NaN NaN
698 NaN NaN NaN
699 NaN NaN NaN
700 NaN NaN NaN
701 NaN NaN NaN
702 NaN NaN NaN
703 NaN NaN NaN
704 NaN NaN NaN
705 NaN NaN NaN
706 NaN NaN NaN
707 NaN NaN NaN
708 NaN NaN NaN
709 NaN NaN NaN
710 NaN NaN NaN
711 NaN NaN NaN
712 NaN NaN NaN
713 NaN NaN NaN
714 NaN NaN NaN
715 NaN NaN NaN
716 NaN NaN NaN
717 NaN NaN NaN
718 NaN NaN NaN
719 NaN NaN NaN
720 NaN NaN NaN
721 NaN NaN NaN
722 NaN NaN NaN
723 NaN NaN NaN
724 NaN NaN NaN
725 NaN NaN NaN
726 NaN NaN NaN
727 NaN NaN NaN
728 NaN NaN NaN
729 NaN NaN NaN
730 NaN NaN NaN
731 NaN NaN NaN
732 NaN NaN NaN
733 NaN NaN NaN
734 NaN NaN NaN
735 NaN NaN NaN
736 NaN NaN NaN
737 NaN NaN NaN
738 NaN NaN NaN
739 NaN NaN NaN
740 NaN NaN NaN
741 NaN NaN NaN
742 NaN NaN NaN
743 NaN NaN NaN
744 NaN NaN NaN
745 NaN NaN NaN
746 NaN NaN NaN
747 NaN NaN NaN
748 NaN NaN NaN
749 NaN NaN NaN
750 NaN NaN NaN
751 NaN NaN NaN
752 NaN NaN NaN
753 NaN NaN NaN
754 NaN NaN NaN
755 NaN NaN NaN
756 NaN NaN NaN
757 NaN NaN NaN
758 NaN NaN NaN
759 NaN NaN NaN
760 NaN NaN NaN
761 NaN NaN NaN
762 NaN NaN NaN
763 NaN NaN NaN
764 NaN NaN NaN
765 NaN NaN NaN
766 NaN NaN NaN
767 NaN NaN NaN
768 NaN NaN NaN
769 NaN NaN NaN
770 NaN NaN NaN
771 NaN NaN NaN
772 NaN NaN NaN
773 NaN NaN NaN
774 NaN NaN NaN
775 NaN NaN NaN
776 NaN NaN NaN
777 NaN NaN NaN
778 NaN NaN NaN
779 NaN NaN NaN
780 NaN NaN NaN
781 NaN NaN NaN
782 NaN NaN NaN
783 NaN NaN NaN
784 NaN NaN NaN
785 NaN NaN NaN
786 NaN NaN NaN
787 NaN NaN NaN
788 NaN NaN NaN
789 NaN NaN NaN
790 NaN NaN NaN
791 NaN NaN NaN
792 NaN NaN NaN
793 NaN NaN NaN
794 NaN NaN NaN
795 NaN NaN NaN
796 NaN NaN NaN
797 NaN NaN NaN
798 NaN NaN NaN
799 NaN NaN NaN
800 NaN NaN NaN
801 NaN NaN NaN
802 NaN NaN NaN
803 NaN NaN NaN
804 NaN NaN NaN
805 NaN NaN NaN
806 NaN NaN NaN
807 NaN NaN NaN
808 NaN NaN NaN
809 NaN NaN NaN
810 NaN NaN NaN
811 NaN NaN NaN
812 NaN NaN NaN
813 NaN NaN NaN
814 NaN NaN NaN
815 NaN NaN NaN
816 NaN NaN NaN
817 NaN NaN NaN
818 NaN NaN NaN
819 NaN NaN NaN
820 NaN NaN NaN
821 NaN NaN NaN
822 NaN NaN NaN
823 NaN NaN NaN
824 NaN NaN NaN
825 NaN NaN NaN
826 NaN NaN NaN
827 NaN NaN NaN
828 NaN NaN NaN
829 NaN NaN NaN
830 NaN NaN NaN
831 NaN NaN NaN
832 NaN NaN NaN
833 NaN NaN NaN
834 NaN NaN NaN
835 NaN NaN NaN
836 NaN NaN NaN
837 NaN NaN NaN
838 NaN NaN NaN
839 NaN NaN NaN
840 NaN NaN NaN
841 NaN NaN NaN
842 NaN NaN NaN
843 NaN NaN NaN
844 NaN NaN NaN
845 NaN NaN NaN
846 NaN NaN NaN
847 NaN NaN NaN
848 NaN NaN NaN
849 NaN NaN NaN
850 NaN NaN NaN
851 NaN NaN NaN
852 NaN NaN NaN
853 NaN NaN NaN
854 NaN NaN NaN
855 NaN NaN NaN
856 NaN NaN NaN
857 NaN NaN NaN
858 NaN NaN NaN
859 NaN NaN NaN
860 NaN NaN NaN
861 NaN NaN NaN
862 NaN NaN NaN
863 NaN NaN NaN
864 NaN NaN NaN
865 NaN NaN NaN
866 NaN NaN NaN
867 NaN NaN NaN
868 NaN NaN NaN
869 NaN NaN NaN
870 NaN NaN NaN
871 NaN NaN NaN
872 NaN NaN NaN
873 NaN NaN NaN
874 NaN NaN NaN
875 NaN NaN NaN
876 NaN NaN NaN
877 NaN NaN NaN
878 NaN NaN NaN
879 NaN NaN NaN
880 NaN NaN NaN
881 NaN NaN NaN
882 NaN NaN NaN
883 NaN NaN NaN
884 NaN NaN NaN
885 NaN NaN NaN
886 NaN NaN NaN
887 NaN NaN NaN
888 NaN NaN NaN
889 NaN NaN NaN
890 NaN NaN NaN
891 NaN NaN NaN
892 NaN NaN NaN
893 NaN NaN NaN
894 NaN NaN NaN
895 NaN NaN NaN
896 NaN NaN NaN
897 NaN NaN NaN
898 NaN NaN NaN
899 NaN NaN NaN
900 NaN NaN NaN
901 NaN NaN NaN
902 NaN NaN NaN
903 NaN NaN NaN
904 NaN NaN NaN
905 NaN NaN NaN
906 NaN NaN NaN
907 NaN NaN NaN
908 NaN NaN NaN
909 NaN NaN NaN
910 NaN NaN NaN
911 NaN NaN NaN
912 NaN NaN NaN
913 NaN NaN NaN
914 NaN NaN NaN
915 NaN NaN NaN
916 NaN NaN NaN
917 NaN NaN NaN
918 NaN NaN NaN
919 NaN NaN NaN
920 NaN NaN NaN
921 NaN NaN NaN
922 NaN NaN NaN
923 NaN NaN NaN
924 NaN NaN NaN
925 NaN NaN NaN
926 NaN NaN NaN
927 NaN NaN NaN
928 NaN NaN NaN
929 NaN NaN NaN
930 NaN NaN NaN
931 NaN NaN NaN
932 NaN NaN NaN
933 NaN NaN NaN
934 NaN NaN NaN
935 NaN NaN NaN
936 NaN NaN NaN
937 NaN NaN NaN
938 NaN NaN NaN
939 NaN NaN NaN
940 NaN NaN NaN
941 NaN NaN NaN
942 NaN NaN NaN
943 NaN NaN NaN
944 NaN NaN NaN
945 NaN NaN NaN
946 NaN NaN NaN
947 NaN NaN NaN
948 NaN NaN NaN
949 NaN NaN NaN
950 NaN NaN NaN
951 NaN NaN NaN
952 NaN NaN NaN
953 NaN NaN NaN
954 NaN NaN NaN
955 NaN NaN NaN
956 NaN NaN NaN
957 NaN NaN NaN
958 NaN NaN NaN
959 NaN NaN NaN
960 NaN NaN NaN
961 NaN NaN NaN
962 NaN NaN NaN
963 NaN NaN NaN
964 NaN NaN NaN
965 NaN NaN NaN
966 NaN NaN NaN
967 NaN NaN NaN
968 NaN NaN NaN
969 NaN NaN NaN
970 NaN NaN NaN
971 NaN NaN NaN
972 NaN NaN NaN
973 NaN NaN NaN
974 NaN NaN NaN
975 NaN NaN NaN
976 NaN NaN NaN
977 NaN NaN NaN
978 NaN NaN NaN
979 NaN NaN NaN
980 NaN NaN NaN
981 NaN NaN NaN
982 NaN NaN NaN
983 NaN NaN NaN
984 NaN NaN NaN
985 NaN NaN NaN
986 NaN NaN NaN
987 NaN NaN NaN
988 NaN NaN NaN
989 NaN NaN NaN
990 NaN NaN NaN
991 NaN NaN NaN
992 NaN NaN NaN
993 NaN NaN NaN
994 NaN NaN NaN
995 NaN NaN NaN
996 NaN NaN NaN
997 NaN NaN NaN
998 NaN NaN NaN
999 NaN NaN NaN
1000 NaN NaN NaN
