1 1.8749999999999995e-3 1.8749999999999995e-3 10.774960475223585
2 1.7401455943262683e-4 1.3191457820598405e-2 8.249579113843057
3 2.1093749999999984e-5 2.76302362398029e-2 6.434336587100339
4 3.2783100035968075e-6 4.255126784606821e-2 5.18053926494311
5 6.328124999999992e-7 5.7577792445606596e-2 4.3166218526604885
6 1.465990122831756e-7 7.261424742836058e-2 3.7035159238405537
7 3.958374023437494e-8 8.759965666037182e-2 3.2497294999002784
8 1.2180626183068347e-8 0.10249642124940558 2.900032142191534
9 4.200169372558586e-9 0.11728753720129677 2.621389963590543
10 1.602268045157834e-9 0.13196948355373359 2.3934378797247438
11 6.69442085266112e-10 0.14654598020304216 2.203051378814648
12 3.038703916321304e-10 0.1610240326431028 2.0413858986787403
13 1.4885494791984526e-10 0.17541176298196634 1.9022410880289453
14 7.825240914866634e-11 0.1897173194444418 1.7811233760334728
15 4.393430022962976e-11 0.203948374168337 1.6746849122096132
16 2.6234367975323762e-11 0.2181119260669903 1.5803732867163602
17 1.660010846540727e-11 0.23221425586058161 1.4962043669913145
18 1.109481353726301e-11 0.24626095310210225 1.4206100018295926
19 7.809894005373808e-12 0.2602569738953011 1.3523329433886537
20 5.775126638417832e-12 0.27420670846797596 1.2903525253869534
21 4.475619278294492e-12 0.2881140484711116 1.2338309502697449
22 3.627416930427961e-12 0.3019824494367316 1.1820737331196158
23 3.0686892270711652e-12 0.315814986676504 1.1345000847400815
24 2.7048823251293227e-12 0.32961440432121153 1.0906204086270588
25 2.4801317706262236e-12 0.3433831578672187 1.0500189775075757
26 2.3619875676088245e-12 0.3571234508712352 1.0123404391282027
27 2.333194917752073e-12 0.3708372665114369 0.9772791921148029
28 2.3874394713174128e-12 0.38452639471362937 0.944570939823055
29 2.527538558157049e-12 0.3981924554794616 0.9139859157121913
30 2.765402086297526e-12 0.41183691897750446 0.8853234048204711
31 3.123606663102173e-12 0.42546112288110494 0.8584072797825729
32 3.638839903470245e-12 0.4390662873656622 0.8330823379454695
33 4.367923478541481e-12 0.452653528114815 0.8092112761699217
34 5.397754093609894e-12 0.46622386763045137 0.7866721770600082
35 6.861503750879633e-12 0.4797782450950072 0.7653564082396542
36 8.965109166148259e-12 0.49331752499534576 0.7451668574089614
37 1.2031008997529852e-11 0.5068425046846441 0.7260164420462393
38 1.6571262440863025e-11 0.520353921031217 0.7078268450506506
39 2.3411463632291624e-11 0.5338524562802306 0.6905274372696392
40 3.39037413558266e-11 0.5473387432350523 0.6740543554008
41 5.029823052722071e-11 0.5608133698489216 0.6583497096984322
42 7.640047498503589e-11 0.574276883304171 0.6433609006221145
43 1.1875212638996009e-10 0.5877297936449357 0.6290400273170302
44 1.8878310001425416e-10 0.6011725770197969 0.6153433738242597
45 3.06793098040526e-10 0.6146056785828058 0.6022309613445066
46 5.094276411089812e-10 0.6280295150945713 0.5896661568438956
47 8.63925519883353e-10 0.641444477259377 0.5776153298907333
48 1.4956762315272702e-9 0.6548509318294297 0.566047550921304
49 2.642315524716774e-9 0.6682492235032091 0.5549343252086509
50 4.76149231483074e-9 0.6816396766413592 0.5442493576962155
51 8.748732998024903e-9 0.6950225968205419 0.5339683445939942
52 1.6384366389129398e-8 0.7083982722430916 0.5240687882470075
53 3.126377062815466e-8 0.7217669750180759 0.5145298322970232
54 6.076182305811762e-8 0.73512896232746 0.5053321145868426
55 1.202413646474779e-7 0.7484844774894118 0.4964576356167013
56 2.4219864097389437e-7 0.7618337509293542 0.4878896406662749
57 4.964209542205929e-7 0.7751770010681253 0.47961251395304716
58 1.0350458751149084e-6 0.788514435135531 0.47161168341623816
59 2.1946993925538328e-6 0.8018462499166283 0.4638735349014793
60 4.731245107613131e-6 0.8151726324372567 0.45638533468027637
61 1.0366777256170237e-5 0.8284937605946173 0.44913515937432047
62 2.3081642663228476e-5 0.8418098037380646 0.4421118324714948
63 5.220770168985845e-5 0.8551209232047257 0.435304866720961
64 1.1993365037043019e-4 0.8684272728140706 0.4287044117814624
65 2.7975837680804626e-4 0.88172899932513 0.422301206572028
66 6.624617037657704e-4 0.8950262428596741 0.41608653583932403
67 1.5921248267009211e-3 0.9083191372943324 0.4100521905124422
68 3.8827370357691366e-3 0.9216078106243353 0.40419043146515143
69 9.606207207069669e-3 0.9348923853012923 0.3984939563486096
70 2.4106280795551105e-2 0.9481729785471898 0.3929558691951143
71 6.1346025559887024e-2 0.9614497026465781 0.38756965252638964
72 0.15828387274390626 0.9747226652187315 0.38232914172882076
73 0.41399897488372517 0.9879919694713997 0.377228501483468
74 1.0974753319424584 1.0012577144376174 0.37226220406109617
75 2.948124520754031 1.0145199951969044 0.3674250093122313
76 8.02374483509577 1.0277789030820712 0.3627119461997419
77 22.12153451013486 1.0410345258727338 0.3581182957369296
78 61.77158434369724 1.0542869479765442 0.353639575207855
79 174.6738449942725 1.06753625059906 0.3492715235588277
80 500.1090361288851 1.0807825119030905 0.34501008786086207
81 1449.549024000053 1.0940258071582918 0.340851410752574
82 4252.730011589387 1.1072662088817122 0.33679181878164344
83 12627.17730785086 1.1205037869699388 0.332827811570687
84 37939.068998652656 1.133738608823434 0.328956051740304
85 115331.72531084438 1.1469707394636117 0.32517335552825116
86 354677.66146917385 1.1602002416431492 0.3214766840492669
87 1103276.4709456156 1.1734271759500023 0.3178631351450631
88 3470916.721569847 1.1866516009055454 0.3143299357784961
89 1.1042272232116489e7 1.199873573057228 0.3108744349299854
90 3.5520039576761626e7 1.213093147066115 0.3074940969578963
91 1.1551454134622042e8 1.2263103757896379 0.3041864953879063
92 3.7974907860032827e8 1.239525310359875 0.30094930709935713
93 1.2618373581267483e9 1.252738000257639 0.2977803068792915
94 4.237477526135561e9 1.2659484933826433 0.2946773623173244
95 1.4380057880294239e10 1.2791568361199899 0.29163842901671166
96 4.930782931720642e10 1.2923630734032088 0.28866154609899897
97 1.7081537178594574e11 1.3055672487740584 0.2857448319814595
98 5.977898903768418e11 1.3187694044392875 0.28288648040819975
99 2.1131794262993496e12 1.331969581324539 0.2800847567173264
100 7.544785553724587e12 1.3451678191255665 0.2773379943279517
101 2.7204298394120824e13 1.3583641563569249 0.2746445914320768
102 9.905273667422213e13 1.3715586303982772 0.2720030078775449
103 3.641604460448299e14 1.3847512775384627 0.26941176222930924
104 1.3516872575699775e15 1.39794213301745 0.26686942899722615
105 5.064976017106954e15 1.411131231066296 0.2643746360194646
106 1.9158328095945048e16 1.4243186049452259 0.261926061991434
107 7.314403137390582e16 1.4375042869799353 0.25952243413087456
108 2.8184088061157757e17 1.4506883085962161 0.2571625259704338
109 1.0959640388817034e18 1.4638707003529965 0.254845155269681
110 4.3005096083617434e18 1.477051491973879 0.2525691820390867
111 1.7027056007554447e19 1.490230712377265 0.25033350666902277
112 6.801748688826816e19 1.5034083897051294 0.24813706815732847
113 2.741125596162136e20 1.5165845513505305 0.24597884242943505
114 1.114374540952031e21 1.5297592239839082 0.24385784074545896
115 4.5697712140214726e21 1.542932433578245 0.24177310818905468
116 1.8901073193169756e22 1.556104205433139 0.23972372223317132
117 7.884523491081666e22 1.569274564197853 0.23770879137818626
118 3.31688342083136e23 1.5824435338933833 0.23572745385818814
119 1.4070840568391208e24 1.595611137933606 0.2337788764114642
120 6.018867394856378e24 1.608777399145538 0.23186225311150405
121 2.5958806636636393e25 1.6219423397887658 0.22997680425507244
122 1.128757603216579e26 1.6351059815740734 0.22812177530412736
123 4.948048478545032e26 1.6482683456813174 0.22629643587856424
124 2.1865339855375654e27 1.6614294527765783 0.2245000787969615
125 9.739568900174298e27 1.6745893230286268 0.22273201916267765
126 4.372774483340346e28 1.6877479761247374 0.22099159349282
127 1.9787062549428684e29 1.7009054312858776 0.21927815888775445
128 9.023727055076843e29 1.7140617072813051 0.21759109223897274
129 4.147103156762684e30 1.7272168224425979 0.2159297894732661
130 1.92057944708742e31 1.7403707946771456 0.21429366483127724
131 8.962371559605255e31 1.7535236414811248 0.21268215017862152
132 4.213974492959654e32 1.7666753799519834 0.21109469434787323
133 1.9962484163695937e33 1.7798260268004535 0.20953076250981603
134 9.527233101516891e33 1.7929755983621192 0.2079898355724499
135 4.5806243729628e34 1.8061241106085515 0.20647140960633598
136 2.2185271954583655e35 1.8192715791580367 0.20497499529494137
137 1.0823404056022033e36 1.8324180192859119 0.20350011740872448
138 5.318623003191452e36 1.8455634459345254 0.20204631430177383
139 2.632378136454211e37 1.8587078737228382 0.20061313742987838
140 1.3121663766284117e38 1.8718513169556832 0.1992001508889731
141 6.587175615945017e38 1.8849937896326956 0.1978069309729619
142 3.330103542653626e39 1.8981353054569277 0.19643306574997485
143 1.69528665142979e40 1.9112758778431624 0.19507815465616912
144 8.690294689417079e40 1.9244155199259387 0.19374180810623268
145 4.485503038483056e41 1.937554244567299 0.19242364711979387
146 2.331056034755746e42 1.9506920643642707 0.19112330296298524
147 1.2196608150954782e43 1.9638289916560945 0.18984041680444796
148 6.424663597066552e43 1.9769650385312059 0.1885746393851037
149 3.4069605637406107e44 1.9901002168339836 0.18732563070105485
150 1.8187370041089768e45 2.0032345381712737 0.18609305969900772
151 9.773266166135666e45 2.0163680139186937 0.1848766039836465
152 5.286372615866621e46 2.0295006552267343 0.18367594953641306
153 2.8780973389325624e47 2.042632473026656 0.18249079044517902
154 1.5771192244340433e48 2.055763478036198 0.18132082864431875
155 8.697948471919574e48 2.068893680765101 0.1801657736647216
156 4.82774741006356e49 2.082023091520452 0.17902534239330137
157 2.696683802149902e50 2.0951517204118613 0.17789925884158478
158 1.5158488122489804e51 2.1082795773564715 0.17678725392298233
159 8.574423656749386e51 2.121406672083812 0.17568906523836297
160 4.880453797802494e52 2.134533014140501 0.17460443686957414
161 2.795148786194987e53 2.1476586128947988 0.17353311918056533
162 1.6107292944389296e54 2.1607834775410244 0.17247486862579128
163 9.338921706521984e54 2.1739076171038323 0.17142944756558456
164 5.447676486823624e55 2.187031040442361 0.17039662408820486
165 3.1970565825316263e56 2.2001537562542564 0.1693761718382841
166 1.8875480227431823e57 2.2132757730795705 0.16836786985140095
167 1.1210856468096347e58 2.2263970993045454 0.16737150239453089
168 6.69818715116145e58 2.239517743165286 0.16638685881212975
169 4.025670776515162e59 2.2526377127513206 0.16541373337761991
170 2.433698033599806e60 2.2657570160090588 0.1644519251500591
171 1.4798841858367452e61 2.2788756607451464 0.16350123783578233
172 9.051210898617868e61 2.2919936546297235 0.16256147965481652
173 5.567869410291561e62 2.3051110051995902 0.16163246321187685
174 3.444771736846506e63 2.3182277198612775 0.16071400537176272
175 2.143417264026293e64 2.331343805894032 0.15980592713897912
176 1.3412626818041723e65 2.3444592704527167 0.15890805354141682
177 8.440495317341444e65 2.3575741205706278 0.15802021351793374
178 5.341402298753084e66 2.3706883631622335 0.1571422398096839
179 3.3990875433760493e67 2.383802005025837 0.1562739688550508
180 2.1750823686629564e68 2.3969150528461607 0.15541524068804555
181 1.3995296465350213e69 2.4100275131968663 0.1545658988400369
182 9.054582265803792e69 2.423139392543 0.1537257902446876
183 5.890086661055038e70 2.4362506972433695 0.15289476514597403
184 3.8523795470901603e71 2.449361433552865 0.1520726770091746
185 2.533248985192616e72 2.4624716076247055 0.15125938243471498
186 1.6747714716381252e73 2.475581225512635 0.15045474107476345
187 1.1131397120984733e74 2.4886902931730512 0.14965861555247523
188 7.437859210371821e74 2.5017988164670864 0.14887087138378766
189 4.996181684996719e75 2.5149068011626246 0.14809137690167304
190 3.373715465090173e76 2.528014252936271 0.14732000318275867
191 2.2900593213434098e77 2.541121177375267 0.1465566239762299
192 1.562576469907519e78 2.554227579979358 0.1458011156349315
193 1.0717177732850982e79 2.567333466162611 0.1450533570485908
194 7.38843826224641e79 2.5804388412551824 0.14431322957908455
195 5.119723454180962e80 2.5935437105050476 0.14358061699767874
196 3.565748330962899e81 2.6066480790796778 0.14285540542417036
197 2.4960541887619704e82 2.619751952067683 0.14213748326786474
198 1.756084413045389e83 2.632855334480405 0.14142674117032414
199 1.2416919166160296e84 2.6459582312534744 0.14072307194982558
200 8.823655562740639e84 2.6590606472483316 0.14002637054746928
201 6.301424173348404e85 2.672162587253704 0.13933653397487997
202 4.522449348771977e86 2.6852640559870498 0.1386534612634471
203 3.261692357018872e87 2.6983650580959644 0.13797705341505098
204 2.3639382609565687e88 2.7114655981595557 0.13730721335422466
205 1.7216417136498788e89 2.724565680689782 0.1366438458817023
206 1.259948227116184e90 2.737665310132759 0.13598685762930848
207 9.265220544699419e90 2.750764490870035 0.13533615701614257
208 6.846079236308066e91 2.7638632272198365 0.134691654206015
209 5.082779090259578e92 2.77696152343828 0.13405326106609491
210 3.791611669747829e93 2.7900593837205623 0.13342089112672761
211 2.8418425613320403e94 2.8031568122021127 0.13279445954238506
212 2.140030970512732e95 2.8162538129597268 0.13217388305371058
213 1.619102746374715e96 2.8293503900126704 0.13155907995062385
214 1.2307039141520215e97 2.8424465473237532 0.13094997003645062
215 9.398275645343398e97 2.855542288800387 0.13034647459304438
216 7.210226187310258e98 2.868637618295609 0.12974851634686838
217 5.557077946104996e99 2.881732539609089 0.12915601943600716
218 4.302608558525883e100 2.8948270564881105 0.12856890937807786
219 3.34653889446426e101 2.9079211726285275 0.12798711303901295
220 2.6147467623901875e102 2.9210148916757053 0.12741055860268685
221 2.0522214101140023e103 2.9341082172254342 0.12683917554136018
222 1.6179712627072436e104 2.947201152824823 0.12627289458691532
223 1.281329035815816e105 2.9602937019731774 0.12571164770285978
224 1.0192603941079896e106 2.9733858681228535 0.12515536805707278
225 8.14396066210433e106 2.9864776546800953 0.12460398999527214
226 6.535874703862482e107 2.9995690650058506 0.12405744901517984
227 5.268425842822823e108 3.0126601024165733 0.12351568174136464
228 4.2653902472518675e109 3.025750770185003 0.12297862590074066
229 3.468399663771311e110 3.0388410715409346 0.12244622029870326
230 2.832590222311699e111 3.0519310096719616 0.12191840479588141
231 2.3233491506504586e112 3.0650205877242103 0.12139512028548949
232 1.9138735932602157e113 3.0781098088030583 0.12087630867125937
233 1.583332262788792e114 3.091198675973833 0.12036191284593663
234 1.3154761546665172e115 3.1042871922624977 0.11985187667032308
235 1.097584945027604e116 3.117375360656324 0.11934614495285045
236 9.196651852150079e116 3.1304631841045487 0.11884466342966837
237 7.738380156709862e117 3.1435506655190175 0.11834737874523327
238 6.538700086774456e118 3.156637807774814 0.11785423843338196
239 5.548124678155303e119 3.169724613710875 0.11736519089887684
240 4.727231844180809e120 3.182811086130597 0.11688018539940855
241 4.044510904929426e121 3.195897227802425 0.11639917202804326
242 3.474690441917413e122 3.2089830414604323 0.11592210169610148
243 2.997435684030795e123 3.222068529804887 0.1154489261164565
244 2.5963305028989174e124 3.235153695502807 0.11497959778724005
245 2.258079305254838e125 3.2482385411885057 0.1145140699759438
246 1.971879355723884e126 3.261323069464123 0.11405229670390579
247 1.7289256005454519e127 3.274407282900146 0.11359423273117064
248 1.5220188199493238e128 3.287491184035925 0.11313983354171303
249 1.3452546042399624e129 3.300574775380171 0.11268905532901481
250 1.1937757400772092e130 3.313658059411448 0.11224185498198529
251 1.0635744930167174e131 3.326741038578653 0.11179819007121547
252 9.51334267879668e131 3.33982371530149 0.11135801883555728
253 8.54302436256976e132 3.3529060919709313 0.11092130016901851
254 7.701879034551668e133 3.365988170949672 0.1104879936079648
255 6.970783687030823e134 3.3790699545725706 0.11005805931862078
256 6.333733058885068e135 3.3921514451470896 0.10963145808486166
257 5.777295285065313e136 3.40523264495372 0.10920815129628789
258 5.29016856021231e137 3.418313556246401 0.1087881009365747
259 4.862819108586671e138 3.4313941812529296 0.10837126957209024
260 4.4871847748833917e139 3.4444745221753656 0.1079576203407735
261 4.156431718964696e140 3.4575545811904247 0.10754711694126667
262 3.864754199998308e141 3.470634360449868 0.10713972362229433
263 3.6072094171373284e142 3.483713862080881 0.10673540517228304
264 3.3795809472169835e143 3.4967930881864464 0.1063341269092153
265 3.178265572352291e144 3.5098720408457105 0.10593585467071139
266 3.0001792898462375e145 3.522950722114343 0.10554055480433343
267 2.8426790965884254e146 3.536029134024888 0.1051481941581056
268 2.7034977817251376e147 3.549107278587112 0.10475874007124512
269 2.58068947744744e148 3.5621851577883383 0.10437216036509855
270 2.472584133949198e149 3.575262773593787 0.10398842333427792
271 2.3777494212032683e150 3.5883401279468963 0.10360749773799184
272 2.294958833207465e151 3.6014172227696446 0.10322935279156627
273 2.223164992462261e152 3.6144940599628677 0.1028539581581505
274 2.1614773337588757e153 3.627570641406565 0.10248128394060356
275 2.1091434949347744e154 3.640646968960206 0.10211130067355594
276 2.065533864540211e155 3.653723044463025 0.10174397931564319
277 2.0301288375327326e156 3.6667988697343166 0.10137929124190628
278 2.0025084143550962e157 3.6798744465737214 0.10101720823635489
279 1.9823438494456603e158 3.692949776761509 0.10065770248468953
280 1.9693911151480767e159 3.7060248620588556 0.10030074656717847
281 1.9634859984108262e160 3.7190997042081158 9.994631345168581e-2
282 1.9645406924988564e161 3.7321743049330887 9.959437648684685e-2
283 1.9725417857887866e162 3.7452486659392825 9.924490939538698e-2
284 1.987549585974505e163 3.7583227889141715 9.889788626758103e-2
285 2.0096987518994416e164 3.7713966755274506 9.855328155484913e-2
286 2.0392002378743297e165 3.784470327431282 9.82110700634862e-2
287 2.076344587790498e166 3.7975437462605437 9.787122694852149e-2
288 2.1215066496332146e167 3.810616933633066 9.753372770770531e-2
289 2.175151816191285e168 3.823689891149871 9.719854817561964e-2
290 2.23784393596208e169 3.836762620395402 9.686566451790983e-2
291 2.310255080682709e170 3.8498351229377543 9.653505322563444e-2
292 2.3931774039455663e171 3.862907400328898 9.620669110973049e-2
293 2.4875373805507763e172 3.875979454104899 9.588055529559103e-2
294 2.5944127804453413e173 3.8890512857861337 9.555662321775296e-2
295 2.7150528064739514e174 3.9021228968775072 9.523487261469198e-2
296 2.8509019143215585e175 3.9151942888686566 9.491528152372236e-2
297 3.003627939099593e176 3.92826546323416 9.459782827599922e-2
298 3.1751552798190978e177 3.94133642143374 9.428249149162053e-2
299 3.367704045136836e178 3.95440716491246 9.396925007482708e-2
300 3.5838362469160454e179 3.967477695100922 9.365808320929743e-2
301 3.826510349253313e180 3.980548013415457 9.334897035353643e-2
302 4.099145748219118e181 3.9936181212583173 9.304189123635448e-2
303 4.4056990821543503e182 4.00668802001786 9.273682585243594e-2
304 4.750754666937552e183 4.019757711068731 9.243375445799425e-2
305 5.139631831244605e184 4.032827195772046 9.213265756651212e-2
306 5.578512513366086e185 4.0458964754755655 9.183351594456471e-2
307 6.074593198341175e186 4.05896555151387 9.15363106077238e-2
308 6.636266152755127e187 4.072034425208532 9.124102281654131e-2
309 7.273335992844681e188 4.085103097868284 9.094763407261047e-2
310 7.9972789473971575e189 4.098171570789187 9.065612611470246e-2
311 8.82155381014033e190 4.111239845254788 9.03664809149773e-2
312 9.761975591857145e191 4.124307922536286 9.00786806752672e-2
313 1.0837165374400827e193 4.137375803892687 8.979270782343049e-2
314 1.2069092955422576e194 4.150443490570962 8.950854500977498e-2
315 1.3483732702955392e195 4.163510983806194 8.922617510354904e-2
316 1.511185780104012e196 4.1765782848217405 8.894558118949862e-2
317 1.699000399901182e197 4.189645394829369 8.866674656448954e-2
318 1.9161641378884433e198 4.20271231502941 8.838965473419251e-2
319 2.1678601909361203e199 4.215779046610897 8.811428940983053e-2
320 2.4602822146736413e200 4.228845590751714 8.784063450498686e-2
321 2.8008474990398286e201 4.241911948618727 8.756867413247225e-2
322 3.198458269223945e202 4.254978121367925 8.729839260125e-2
323 3.663822636269419e203 4.268044110144556 8.702977441341801e-2
324 4.20984963015662e204 4.281109916083255 8.67628042612465e-2
325 4.852136426435208e205 4.294175540308182 8.649746702426976e-2
326 5.609570538145098e206 4.307240983933143 8.623374776643129e-2
327 6.505075661722276e207 4.320306248061721 8.597163173328097e-2
328 7.566537392129151e208 4.333371333787403 8.571110434922329e-2
329 8.82795461519184e209 4.346436242193695 8.545215121481536e-2
330 1.0330874635326071e211 4.359500974354253 8.519475810411373e-2
331 1.2126185771548347e212 4.372565531332995 8.493891096206908e-2
332 1.4276361250927153e213 4.385629914184222 8.468459590196775e-2
333 1.6858274044849546e214 4.398694123952731 8.443179920291916e-2
334 1.99667355238199e215 4.411758161673931 8.418050730738766e-2
335 2.3718953665734948e216 4.424822028373955 8.39307068187691e-2
336 2.826016194162536e217 4.437885725069771 8.368238449900972e-2
337 3.377074172875629e218 4.450949252769289 8.343552726626743e-2
338 4.047525416958638e219 4.464012612471468 8.319012219261462e-2
339 4.865391840135998e220 4.477075805166426 8.294615650178096e-2
340 5.865723073053459e221 4.490138831835541 8.27036175669361e-2
341 7.092462513270403e222 4.503201693451551 8.246249290851101e-2
342 8.600834468028051e223 4.516264390978661 8.222277019205754e-2
343 1.046040463966132e225 4.529326925372638 8.198443722614483e-2
344 1.2759012556014105e226 4.542389297580914 8.174748196029259e-2
345 1.5607835556588242e227 4.5554515085426734 8.151189248293988e-2
346 1.9147924408521e228 4.568513559188961 8.127765701944904e-2
347 2.3558656967608044e229 4.581575450442768 8.104476393014387e-2
348 2.906869713127218e230 4.594637183219124 8.081320170838138e-2
349 3.5970233225219904e231 4.607698758425192 8.058295897865674e-2
350 4.463751850406363e232 4.620760176960358 8.035402449474023e-2
351 5.555106764687995e233 4.633821439716318 8.01263871378461e-2
352 6.932930540261625e234 4.646882547577164 7.990003591483243e-2
353 8.677005536833074e235 4.659943501419477 7.967495995643113e-2
354 1.0890505048986462e237 4.673004302112403 7.945114851550837e-2
355 1.3707171327876654e238 4.686064950517745 7.922859096535355e-2
356 1.7300788971333294e239 4.699125447490038 7.900727679799752e-2
357 2.189771584656338e240 4.712185793876639 7.878719562255855e-2
358 2.779349572418792e241 4.725245990517799 7.856833716361607e-2
359 3.5374931846029583e242 4.738306038246745 7.835069125961133e-2
360 4.514948276437844e243 4.751365937889764 7.813424786127465e-2
361 5.778449783575082e244 4.76442569026627 7.791899703007855e-2
362 7.415970435739138e245 4.777485296188887 7.770492893671659e-2
363 9.543758082294566e246 4.7905447564635235 7.749203385960693e-2
364 1.231579248466376e248 4.803604071889442 7.728030218342072e-2
365 1.5936522162442993e249 4.816663243259334 7.706972439763432e-2
366 2.0678057806746444e250 4.829722271359397 7.686029109510527e-2
367 2.6903434155824185e251 4.842781156969396 7.665199297067131e-2
368 3.5098153502829356e252 4.855839900862741 7.644482081977227e-2
369 4.591305614487267e253 4.868898503806554 7.623876553709402e-2
370 6.022271717205815e254 4.881956966561734 7.603381811523456e-2
371 7.920517299392544e255 4.895015289883028 7.582996964339135e-2
372 1.0445101503588461e257 4.908073474519093 7.562721130606981e-2
373 1.3811300619450636e258 4.921131521212568 7.542553438181249e-2
374 1.831117370615671e259 4.934189430700132 7.52249302419485e-2
375 2.4341895229762076e260 4.947247203712572 7.502539034936272e-2
376 3.244487648303031e261 4.9603048409748425 7.482690625728484e-2
377 4.3359906357042e262 4.9733623432061265 7.46294696080973e-2
378 5.810024724112129e263 4.986419711119904 7.443307213216216e-2
379 7.80570324142465e264 4.999476945424003 7.423770564666642e-2
380 1.0514472630088829e266 5.012534046820664 7.404336205448557e-2
381 1.42004257212843e267 5.025591016006599 7.385003334306478e-2
382 1.922873298555911e268 5.038647853673048 7.36577115833177e-2
383 2.6105525914701528e269 5.051704560505834 7.346638892854246e-2
384 3.553397178687145e270 5.0647611371854255 7.327605761335428e-2
385 4.849329091143069e271 5.077817584386988 7.308670995263496e-2
386 6.635035417910803e272 5.090873902780437 7.289833834049833e-2
387 9.101764963310199e273 5.103930093030499 7.27109352492719e-2
388 1.2517738813435687e275 5.116986155796755 7.252449322849396e-2
389 1.7260015556396368e276 5.1300420917337055 7.233900490392618e-2
390 2.3859901832102178e277 5.143097901490815 7.215446297658139e-2
391 3.3067811536267963e278 5.1561535857125635 7.197086022176605e-2
392 4.594611129334162e279 5.169209145038496 7.178818948813741e-2
393 6.400232631710813e280 5.182264580103286 7.160644369677499e-2
394 8.938068002389939e281 5.195319891536762 7.1425615840266e-2
395 1.2513813002857061e283 5.2083750799639805 7.124569898180483e-2
396 1.75643065921115e284 5.221430146005255 7.106668625430591e-2
397 2.4715246366292033e285 5.234485090276214 7.08885708595299e-2
398 3.4864924016125006e286 5.247539913387852 7.071134606722324e-2
399 4.930598263958931e287 5.26059461594656 7.053500521427014e-2
400 6.99028553124911e288 5.27364919855419 7.035954170385775e-2
401 9.935092472135643e289 5.286703661808086 7.018494900465339e-2
402 1.4155588360514345e291 5.29975800630114 7.001122064999397e-2
403 2.0219028077345146e292 5.312812232621825 6.983835023708783e-2
404 2.8951182278369142e293 5.325866341354251 6.966633142622781e-2
405 4.1556920948287034e294 5.338920333078197 6.949515794001652e-2
406 5.979829700388066e295 5.351974208369161 6.932482356260238e-2
407 8.62581308265156e296 5.365027967798399 6.915532213892736e-2
408 1.2473100863188824e298 5.378081611932967 6.898664757398562e-2
409 1.8080456583735114e299 5.391135141335765 6.881879383209273e-2
410 2.6272556633074165e300 5.404188556565569 6.865175493616585e-2
411 3.826931541298989e301 5.417241858177085 6.848552496701414e-2
412 5.587942186530978e302 5.430295046720971 6.83200980626396e-2
413 8.179060547318957e303 5.443348122743899 6.815546841754797e-2
414 1.2000593257184772e305 5.456401086788564 6.799163028206943e-2
415 1.765010370746991e306 5.469453939393756 NaN
416 NaN NaN NaN
417 NaN NaN NaN
418 NaN NaN NaN
419 NaN NaN NaN
420 NaN NaN NaN
421 NaN NaN NaN
422 NaN NaN NaN
423 NaN NaN NaN
424 NaN NaN NaN
425 NaN NaN NaN
426 NaN NaN NaN
427 NaN NaN NaN
428 NaN NaN NaN
429 NaN NaN NaN
430 NaN NaN NaN
431 NaN NaN NaN
432 NaN NaN NaN
433 NaN NaN NaN
434 NaN NaN NaN
435 NaN NaN NaN
436 NaN NaN NaN
437 NaN NaN NaN
438 NaN NaN NaN
439 NaN NaN NaN
440 NaN NaN NaN
441 NaN NaN NaN
442 NaN NaN NaN
443 NaN NaN NaN
444 NaN NaN NaN
445 NaN NaN NaN
446 NaN NaN NaN
447 NaN NaN NaN
448 NaN NaN NaN
449 NaN NaN NaN
450 NaN NaN NaN
451 NaN NaN NaN
452 NaN NaN NaN
453 NaN NaN NaN
454 NaN NaN NaN
455 NaN NaN NaN
456 NaN NaN NaN
457 NaN NaN NaN
458 NaN NaN NaN
459 NaN NaN NaN
460 NaN NaN NaN
461 NaN NaN NaN
462 NaN NaN NaN
463 NaN NaN NaN
464 NaN NaN NaN
465 NaN NaN NaN
466 NaN NaN NaN
467 NaN NaN NaN
468 NaN NaN NaN
469 NaN NaN NaN
470 NaN NaN NaN
471 NaN NaN NaN
472 NaN NaN NaN
473 NaN NaN NaN
474 NaN NaN NaN
475 NaN NaN NaN
476 NaN NaN NaN
477 NaN NaN NaN
478 NaN NaN NaN
479 NaN NaN NaN
480 NaN NaN NaN
481 NaN NaN NaN
482 NaN NaN NaN
483 NaN NaN NaN
484 NaN NaN NaN
485 NaN NaN NaN
486 NaN NaN NaN
487 NaN NaN NaN
488 NaN NaN NaN
489 NaN NaN NaN
490 NaN NaN NaN
491 NaN NaN NaN
492 NaN NaN NaN
493 NaN NaN NaN
494 NaN NaN NaN
495 NaN NaN NaN
496 NaN NaN NaN
497 NaN NaN NaN
498 NaN NaN NaN
499 NaN NaN NaN
500 NaN NaN NaN
501 NaN NaN NaN
502 NaN NaN NaN
503 NaN NaN NaN
504 NaN NaN NaN
505 NaN NaN NaN
506 NaN NaN NaN
507 NaN NaN NaN
508 NaN NaN NaN
509 NaN NaN NaN
510 NaN NaN NaN
511 NaN NaN NaN
512 NaN NaN NaN
513 NaN NaN NaN
514 NaN NaN NaN
515 NaN NaN NaN
516 NaN NaN NaN
517 NaN NaN NaN
518 NaN NaN NaN
519 NaN NaN NaN
520 NaN NaN NaN
521 NaN NaN NaN
522 NaN NaN NaN
523 NaN NaN NaN
524 NaN NaN NaN
525 NaN NaN NaN
526 NaN NaN NaN
527 NaN NaN NaN
528 NaN NaN NaN
529 NaN NaN NaN
530 NaN NaN NaN
531 NaN NaN NaN
532 NaN NaN NaN
533 NaN NaN NaN
534 NaN NaN NaN
535 NaN NaN NaN
536 NaN NaN NaN
537 NaN NaN NaN
538 NaN NaN NaN
539 NaN NaN NaN
540 NaN NaN NaN
541 NaN NaN NaN
542 NaN NaN NaN
543 NaN NaN NaN
544 NaN NaN NaN
545 NaN NaN NaN
546 NaN NaN NaN
547 NaN NaN NaN
548 NaN NaN NaN
549 NaN NaN NaN
550 NaN NaN NaN
551 NaN NaN NaN
552 NaN NaN NaN
553 NaN NaN NaN
554 NaN NaN NaN
555 NaN NaN NaN
556 NaN NaN NaN
557 NaN NaN NaN
558 NaN NaN NaN
559 NaN NaN NaN
560 NaN NaN NaN
561 NaN NaN NaN
562 NaN NaN NaN
563 NaN NaN NaN
564 NaN NaN NaN
565 NaN NaN NaN
566 NaN NaN NaN
567 NaN NaN NaN
568 NaN NaN NaN
569 NaN NaN NaN
570 NaN NaN NaN
571 NaN NaN NaN
572 NaN NaN NaN
573 NaN NaN NaN
574 NaN NaN NaN
575 NaN NaN NaN
576 NaN NaN NaN
577 NaN NaN NaN
578 NaN NaN NaN
579 NaN NaN NaN
580 NaN NaN NaN
581 NaN NaN NaN
582 NaN NaN NaN
583 NaN NaN NaN
584 NaN NaN NaN
585 NaN NaN NaN
586 NaN NaN NaN
587 NaN NaN NaN
588 NaN NaN NaN
589 NaN NaN NaN
590 NaN NaN NaN
591 NaN NaN NaN
592 NaN NaN NaN
593 NaN NaN NaN
594 NaN NaN NaN
595 NaN NaN NaN
596 NaN NaN NaN
597 NaN NaN NaN
598 NaN NaN NaN
599 NaN NaN NaN
600 NaN NaN NaN
601 NaN NaN NaN
602 NaN NaN NaN
603 NaN NaN NaN
604 NaN NaN NaN
605 NaN NaN NaN
606 NaN NaN NaN
607 NaN NaN NaN
608 NaN NaN NaN
609 NaN NaN NaN
610 NaN NaN NaN
611 NaN NaN NaN
612 NaN NaN NaN
613 NaN NaN NaN
614 NaN NaN NaN
615 NaN NaN NaN
616 NaN NaN NaN
617 NaN NaN NaN
618 NaN NaN NaN
619 NaN NaN NaN
620 NaN NaN NaN
621 NaN NaN NaN
622 NaN NaN NaN
623 NaN NaN NaN
624 NaN NaN NaN
625 NaN NaN NaN
626 NaN NaN NaN
627 NaN NaN NaN
628 NaN NaN NaN
629 NaN NaN NaN
630 NaN NaN NaN
631 NaN NaN NaN
632 NaN NaN NaN
633 NaN NaN NaN
634 NaN NaN NaN
635 NaN NaN NaN
636 NaN NaN NaN
637 NaN NaN NaN
638 NaN NaN NaN
639 NaN NaN NaN
640 NaN NaN NaN
641 NaN NaN NaN
642 NaN NaN NaN
643 NaN NaN NaN
644 NaN NaN NaN
645 NaN NaN NaN
646 NaN NaN NaN
647 NaN NaN NaN
648 NaN NaN NaN
649 NaN NaN NaN
650 NaN NaN NaN
651 NaN NaN NaN
652 NaN NaN NaN
653 NaN NaN NaN
654 NaN NaN NaN
655 NaN NaN NaN
656 NaN NaN NaN
657 NaN NaN NaN
658 NaN NaN NaN
659 NaN NaN NaN
660 NaN NaN NaN
661 NaN NaN NaN
662 NaN NaN NaN
663 NaN NaN NaN
664 NaN NaN NaN
665 NaN NaN NaN
666 NaN NaN NaN
667 NaN NaN NaN
668 NaN NaN NaN
669 NaN NaN NaN
670 NaN NaN NaN
671 NaN NaN NaN
672 NaN NaN NaN
673 NaN NaN NaN
674 NaN NaN NaN
675 NaN NaN NaN
676 NaN NaN NaN
677 NaN NaN NaN
678 NaN NaN NaN
679 NaN NaN NaN
680 NaN NaN NaN
681 NaN NaN NaN
682 NaN NaN NaN
683 NaN NaN NaN
684 NaN NaN NaN
685 NaN NaN NaN
686 NaN NaN NaN
687 NaN NaN NaN
688 NaN NaN NaN
689 NaN NaN NaN
690 NaN NaN NaN
691 NaN NaN NaN
692 NaN NaN NaN
693 NaN NaN NaN
694 NaN NaN NaN
695 NaN NaN NaN
696 NaN NaN NaN
697 NaN NaN NaN
698 NaN NaN NaN
699 NaN NaN NaN
700 NaN NaN NaN
701 NaN NaN NaN
702 NaN NaN NaN
703 NaN NaN NaN
704 NaN NaN NaN
705 NaN NaN NaN
706 NaN NaN NaN
707 NaN NaN NaN
708 NaN NaN NaN
709 NaN NaN NaN
710 NaN NaN NaN
711 NaN NaN NaN
712 NaN NaN NaN
713 NaN NaN NaN
714 NaN NaN NaN
715 NaN NaN NaN
716 NaN NaN NaN
717 NaN NaN NaN
718 NaN NaN NaN
719 NaN NaN NaN
720 NaN NaN NaN
721 NaN NaN NaN
722 NaN NaN NaN
723 NaN NaN NaN
724 NaN NaN NaN
725 NaN NaN NaN
726 NaN NaN NaN
727 NaN NaN NaN
728 NaN NaN NaN
729 NaN NaN NaN
730 NaN NaN NaN
731 NaN NaN NaN
732 NaN NaN NaN
733 NaN NaN NaN
734 NaN NaN NaN
735 NaN NaN NaN
736 NaN NaN NaN
737 NaN NaN NaN
738 NaN NaN NaN
739 NaN NaN NaN
740 NaN NaN NaN
741 NaN NaN NaN
742 NaN NaN NaN
743 NaN NaN NaN
744 NaN NaN NaN
745 NaN NaN NaN
746 NaN NaN NaN
747 NaN NaN NaN
748 NaN NaN NaN
749 NaN NaN NaN
750 NaN NaN NaN
751 NaN NaN NaN
752 NaN NaN NaN
753 NaN NaN NaN
754 NaN NaN NaN
755 NaN NaN NaN
756 NaN NaN NaN
757 NaN NaN NaN
758 NaN NaN NaN
759 NaN NaN NaN
760 NaN NaN NaN
761 NaN NaN NaN
762 NaN NaN NaN
763 NaN NaN NaN
764 NaN NaN NaN
765 NaN NaN NaN
766 NaN NaN NaN
767 NaN NaN NaN
768 NaN NaN NaN
769 NaN NaN NaN
770 NaN NaN NaN
771 NaN NaN NaN
772 NaN NaN NaN
773 NaN NaN NaN
774 NaN NaN NaN
775 NaN NaN NaN
776 NaN NaN NaN
777 NaN NaN NaN
778 NaN NaN NaN
779 NaN NaN NaN
780 NaN NaN NaN
781 NaN NaN NaN
782 NaN NaN NaN
783 NaN NaN NaN
784 NaN NaN NaN
785 NaN NaN NaN
786 NaN NaN NaN
787 NaN NaN NaN
788 NaN NaN NaN
789 NaN NaN NaN
790 NaN NaN NaN
791 NaN NaN NaN
792 NaN NaN NaN
793 NaN NaN NaN
794 NaN NaN NaN
795 NaN NaN NaN
796 NaN NaN NaN
797 NaN NaN NaN
798 NaN NaN NaN
799 NaN NaN NaN
800 NaN NaN NaN
801 NaN NaN NaN
802 NaN NaN NaN
803 NaN NaN NaN
804 NaN NaN NaN
805 NaN NaN NaN
806 NaN NaN NaN
807 NaN NaN NaN
808 NaN NaN NaN
809 NaN NaN NaN
810 NaN NaN NaN
811 NaN NaN NaN
812 NaN NaN NaN
813 NaN NaN NaN
814 NaN NaN NaN
815 NaN NaN NaN
816 NaN NaN NaN
817 NaN NaN NaN
818 NaN NaN NaN
819 NaN NaN NaN
820 NaN NaN NaN
821 NaN NaN NaN
822 NaN NaN NaN
823 NaN NaN NaN
824 NaN NaN NaN
825 NaN NaN NaN
826 NaN NaN NaN
827 NaN NaN NaN
828 NaN NaN NaN
829 NaN NaN NaN
830 NaN NaN NaN
831 NaN NaN NaN
832 NaN NaN NaN
833 NaN NaN NaN
834 NaN NaN NaN
835 NaN NaN NaN
836 NaN NaN NaN
837 NaN NaN NaN
838 NaN NaN NaN
839 NaN NaN NaN
840 NaN NaN NaN
841 NaN NaN NaN
842 NaN NaN NaN
843 NaN NaN NaN
844 NaN NaN NaN
845 NaN NaN NaN
846 NaN NaN NaN
847 NaN NaN NaN
848 NaN NaN NaN
849 NaN NaN NaN
850 NaN NaN NaN
851 NaN NaN NaN
852 NaN NaN NaN
853 NaN NaN NaN
854 NaN NaN NaN
855 NaN NaN NaN
856 NaN NaN NaN
857 NaN NaN NaN
858 NaN NaN NaN
859 NaN NaN NaN
860 NaN NaN NaN
861 NaN NaN NaN
862 NaN NaN NaN
863 NaN NaN NaN
864 NaN NaN NaN
865 NaN NaN NaN
866 NaN NaN NaN
867 NaN NaN NaN
868 NaN NaN NaN
869 NaN NaN NaN
870 NaN NaN NaN
871 NaN NaN NaN
872 NaN NaN NaN
873 NaN NaN NaN
874 NaN NaN NaN
875 NaN NaN NaN
876 NaN NaN NaN
877 NaN NaN NaN
878 NaN NaN NaN
879 NaN NaN NaN
880 NaN NaN NaN
881 NaN NaN NaN
882 NaN NaN NaN
883 NaN NaN NaN
884 NaN NaN NaN
885 NaN NaN NaN
886 NaN NaN NaN
887 NaN NaN NaN
888 NaN NaN NaN
889 NaN NaN NaN
890 NaN NaN NaN
891 NaN NaN NaN
892 NaN NaN NaN
893 NaN NaN NaN
894 NaN NaN NaN
895 NaN NaN NaN
896 NaN NaN NaN
897 NaN NaN NaN
898 NaN NaN NaN
899 NaN NaN NaN
900 NaN NaN NaN
901 NaN NaN NaN
902 NaN NaN NaN
903 NaN NaN NaN
904 NaN NaN NaN
905 NaN NaN NaN
906 NaN NaN NaN
907 NaN NaN NaN
908 NaN NaN NaN
909 NaN NaN NaN
910 NaN NaN NaN
911 NaN NaN NaN
912 NaN NaN NaN
913 NaN NaN NaN
914 NaN NaN NaN
915 NaN NaN NaN
916 NaN NaN NaN
917 NaN NaN NaN
918 NaN NaN NaN
919 NaN NaN NaN
920 NaN NaN NaN
921 NaN NaN NaN
922 NaN NaN NaN
923 NaN NaN NaN
924 NaN NaN NaN
925 NaN NaN NaN
926 NaN NaN NaN
927 NaN NaN NaN
928 NaN NaN NaN
929 NaN NaN NaN
930 NaN NaN NaN
931 NaN NaN NaN
932 NaN NaN NaN
933 NaN NaN NaN
934 NaN NaN NaN
935 NaN NaN NaN
936 NaN NaN NaN
937 NaN NaN NaN
938 NaN NaN NaN
939 NaN NaN NaN
940 NaN NaN NaN
941 NaN NaN NaN
942 NaN NaN NaN
943 NaN NaN NaN
944 NaN NaN NaN
945 NaN NaN NaN
946 NaN NaN NaN
947 NaN NaN NaN
948 NaN NaN NaN
949 NaN NaN NaN
950 NaN NaN NaN
951 NaN NaN NaN
952 NaN NaN NaN
953 NaN NaN NaN
954 NaN NaN NaN
955 NaN NaN NaN
956 NaN NaN NaN
957 NaN NaN NaN
958 NaN NaN NaN
959 NaN NaN NaN
960 NaN NaN NaN
961 NaN NaN NaN
962 NaN NaN NaN
963 NaN NaN NaN
964 NaN NaN NaN
965 NaN NaN NaN
966 NaN NaN NaN
967 NaN NaN NaN
968 NaN NaN NaN
969 NaN NaN NaN
970 NaN NaN NaN
971 NaN NaN NaN
972 NaN NaN NaN
973 NaN NaN NaN
974 NaN NaN NaN
975 NaN NaN NaN
976 NaN NaN NaN
977 NaN NaN NaN
978 NaN NaN NaN
979 NaN NaN NaN
980 NaN NaN NaN
981 NaN NaN NaN
982 NaN NaN NaN
983 NaN NaN NaN
984 NaN NaN NaN
985 NaN NaN NaN
986 NaN NaN NaN
987 NaN NaN NaN
988 NaN NaN NaN
989 NaN NaN NaN
990 NaN NaN NaN
991 NaN NaN NaN
992 NaN NaN NaN
993 NaN NaN NaN
994 NaN NaN NaN
995 NaN NaN NaN
996 NaN NaN NaN
997 NaN NaN NaN
998 NaN NaN NaN
999 NaN NaN NaN
1000 NaN NaN NaN
