1 1.875e-4 1.875e-4 34.07341679999679
2 5.502823538378389e-6 2.3458097830767076e-3 26.08745973749755
3 2.1093749999999997e-7 5.952753944880749e-3 20.347158847391455
4 1.0366926487480712e-8 1.0090495771273245e-2 16.38230358515471
5 6.328124999999999e-10 1.4462887560039404e-2 13.6503568520629
6 4.635867815458367e-11 1.895346018864925e-2 11.71154567003884
7 3.9583740234374996e-12 2.3500323059072716e-2 10.276546999124808
8 3.851852206557914e-13 2.806782123912032e-2 9.17070685702254
9 4.2001693725585926e-14 3.263595394011863e-2 8.289562920451976
10 5.066816444804287e-15 3.7194053989562784e-2 7.568715138054331
11 6.69442085266113e-16 4.1736820799334697e-2 6.966660159428706
12 9.60922551044904e-17 4.6261960358907984e-2 6.455429023174531
13 1.488549479198455e-17 5.0768832347554894e-2 6.015414496928324
14 2.4745584530518374e-18 5.525768598156337e-2 5.6324066620343345
15 4.3934300229629845e-19 5.972922974722542e-2 5.295818685701503
16 8.296035577700325e-20 6.418438922926821e-2 4.997579139310023
17 1.6600108465407302e-20 6.86241713464957e-2 4.731413644783005
18 3.508488099262061e-21 7.304958923692227e-2 4.4923632725974825
19 7.809894005373823e-22 7.74616219447884e-2 4.27645225598769
20 1.8262553953312055e-22 8.186119414509996e-2 4.080452964773015
21 4.475619278294501e-23 8.624916737931186e-2 3.901716050462336
22 1.1470899523208922e-23 9.062633783245173e-2 3.7380453589159996
23 3.0686892270711724e-24 9.499343773602709e-2 3.5876042734326936
24 8.553588950140779e-25 9.93511386812852e-2 3.4488445539250567
25 2.4801317706262295e-25 0.10370005583581843 3.3204515553250498
26 7.469260518644854e-26 0.10804075247800081 3.2013015551401627
27 2.3331949177520791e-26 0.11237374451588267 3.0904281569720418
28 7.549746505151282e-27 0.11669950480831962 2.9869955814466973
29 2.5275385581570558e-27 0.12101846719651332 2.890277242965202
30 8.74496923888172e-28 0.12533103020775133 2.7996384250879824
31 3.1236066631021817e-28 0.12963756042436228 2.714522164182338
32 1.1507022135673249e-28 0.13393839552849493 2.6344376663658022
33 4.3679234785414935e-29 0.13823384704263092 2.5589507409884886
34 1.7069197185305032e-29 0.14252420279004163 2.487675851392888
35 6.861503750879652e-30 0.14680972910072848 2.420269471842969
36 2.835016443708148e-30 0.1510906727879986 2.356424506282235
37 1.2031008997529884e-30 0.15536726291949737 2.2958655755977535
38 5.240293301752861e-31 0.15963971240471975 2.2383450193711374
39 2.3411463632291686e-31 0.1639082194190404 2.1836394886111017
40 1.0721304388565755e-31 0.16817296868230877 2.1315470298231465
41 5.029823052722086e-32 0.17243413260813995 2.08188457955769
42 2.4159951527143285e-32 0.1766918723382541 2.0344858034631215
43 1.1875212638996045e-32 0.18094633867459015 1.9891992257363513
44 5.969845797924107e-33 0.18519767292045633 1.9458866043770964
45 3.06793098040527e-33 0.18944600764066885 1.9044215153214596
46 1.6109516489512115e-33 0.1936914673494714 1.864688114744794
47 8.639255198833561e-34 0.1979341691339989 1.8265800538842545
48 4.729743533803533e-34 0.20217422322014475 1.7899995248714626
49 2.642315524716784e-34 0.2064117334868937 1.754856419467931
50 1.5057160776252731e-34 0.2106467979344833 1.721067585403732
51 8.748732998024937e-35 0.21487950911114156 1.6885561673466787
52 5.181191580835775e-35 0.2191099545026083 1.6572510214650253
53 3.1263770628154773e-35 0.22333821688817468 1.6270861941630592
54 1.9214575564778997e-35 0.22756437466655638 1.5980004569236197
55 1.2024136464747835e-35 0.23178850215455227 1.5699368903307083
56 7.658993516748908e-36 0.23601066986111482 1.5428425113065387
57 4.9642095422059484e-36 0.24023094473917656 1.5166679384109163
58 3.2731024481253176e-36 0.24444939041732477 1.4913670907415724
59 2.1946993925538407e-36 0.2486660674131962 1.466896916562285
60 1.4961510708585998e-36 0.2528810333302671 1.443217148287907
61 1.0366777256170275e-36 0.25709434303954176 1.4202900808855783
62 7.299056295391706e-37 0.26130604884748754 1.398080371120713
63 5.220770168985865e-37 0.2655162006514303 1.3765548553942688
64 3.79263503268858e-37 0.26972484608350145 1.3556823841921446
65 2.7975837680804734e-37 0.27393203064412136 1.335433671404876
66 2.094887846535587e-37 0.2781377978259062 1.315781156981544
67 1.5921248267009276e-37 0.28234218922880255 1.2966988815606042
68 1.2278292588521185e-37 0.2865452446671748 1.2781623718760664
69 9.60620720706971e-38 0.29074700226950434 1.2601485358733218
70 7.623075322951761e-38 0.2949474985712966 1.2426355665877578
71 6.134602555988729e-38 0.29914676860173783 1.225602853943423
72 5.005375547429916e-38 0.303344845964596 1.2090309037204001
73 4.13998974883727e-38 0.30754176291381113 1.192901263019965
74 3.4705217247875284e-38 0.31173755042418755 1.177196451627447
75 2.948124520754044e-38 0.3159322382575579 1.1618998987352276
76 2.537330904291489e-38 0.3201258550247603 1.1469958845436383
77 2.2121534510134975e-38 0.32431842824374035 1.1324694863064655
78 1.953389012032816e-38 0.3285099843940625 1.118306528431235
79 1.7467384499427347e-38 0.33270054896809076 1.1044935362830546
80 1.581483632598723e-38 0.33689014651907984 1.0910176933751337
81 1.4495490240000613e-38 0.3410788007063943 1.0778668016597408
82 1.344831311037681e-38 0.34526653433805854 1.0650292446606682
83 1.2627177307850934e-38 0.34945336941082333 1.0524939532127144
84 1.1997387034202673e-38 0.3536393271479189 1.040250373595557
85 1.1533172531084506e-38 0.3578244280346518 1.0282884378689787
86 1.1215892454247382e-38 0.3620086918519923 1.0165985362340053
87 1.1032764709456219e-38 0.3661921377082833 1.0051714912603156
88 1.0976002408925259e-38 0.37037478406919744 0.9939985338344994
89 1.1042272232116553e-38 0.37455664878605427 0.9830712806965612
90 1.1232422764189065e-38 0.378737749122605 0.9723817134436049
91 1.1551454134622114e-38 0.3829181017803817 0.9619221588900879
92 1.2008720277273514e-38 0.38709772292270234 0.9516852706834499
93 1.2618373581267562e-38 0.3912766281974149 0.9416640120824676
94 1.3400080516364141e-38 0.39545483275846055 0.9318516398134182
95 1.4380057880294334e-38 0.399632351286326 0.922241688926149
96 1.5592504712119836e-38 0.4038091980074548 0.9128279585785293
97 1.7081537178594683e-38 0.4079853867126783 0.9036044986835364
98 1.8903776158132033e-38 0.4121609307747265 0.89456559735851
99 2.113179426299363e-38 0.41633584316487154 0.8857057691208967
100 2.3858706807304527e-38 0.4205101364687562 0.8770197437791863
101 2.7204298394120996e-38 0.42468382290145273 0.8685024559717283
102 3.1323225636343576e-38 0.4288569143217983 0.860149035309764
103 3.6416044604483216e-38 0.43302942224604624 0.8519547970843399
104 4.2744104181478284e-38 0.43720135786087355 0.8439152334998199
105 5.064976017106984e-38 0.4413727320357792 0.8360260053994992
106 6.05839529439836e-38 0.44554355533490714 0.8282829344513897
107 7.314403137390628e-38 0.44971383802832676 0.8206819957645844
108 8.912591204801806e-38 0.45388359010279894 0.8132193109087733
109 1.0959640388817103e-37 0.458052821272056 0.805891141311454
110 1.3599405461861894e-37 0.462221540986622 0.7986938820092043
111 1.7027056007554558e-37 0.46638975844319647 0.7916240557310626
112 2.1509017928756748e-37 0.47055748259362634 0.7846783072935984
113 2.741125596162154e-37 0.47472472215348566 0.7778533982886803
114 3.523961715913023e-37 0.4788914856102849 0.7711462020462634
115 4.5697712140215015e-37 0.4830577812313276 0.7645536988557203
116 5.977044151196851e-37 0.4872236170712335 0.7580729714303677
117 7.884523491081715e-37 0.49138900097914384 0.7517012006008642
118 1.0488906343077949e-36 0.4955539406056254 0.7454356612241206
119 1.4070840568391298e-36 0.49971844340928806 0.7392737182952378
120 1.9033329902270298e-36 0.5038825166631299 0.7332128232508154
121 2.5958806636636562e-36 0.5080461674606233 0.7272505104527318
122 3.569444952397015e-36 0.5122094027215544 0.7213843938421926
123 4.948048478545066e-36 0.516372229197628 0.7156121637545099
124 6.91442757566442e-36 0.5205346534778489 0.7099315838856721
125 9.739568900174364e-36 0.5246966819936898 0.7043404884023308
126 1.38279270616216e-35 0.5288583210240572 0.6988367791873565
127 1.978706254942882e-35 0.5330195767000633 0.6934184232135983
128 2.8535530477726694e-35 0.5371804550096133 0.6880834500389409
129 4.147103156762712e-35 0.5413409618018168 0.6828299494161707
130 6.073405480103127e-35 0.5455011027912311 0.6776560690115583
131 8.962371559605315e-35 0.5496608835619442 0.672560012226431
132 1.3325757399605776e-34 0.5538203095715042 0.6675400361163517
133 1.9962484163696073e-34 0.5579793861547032 0.6625944494028372
134 3.012775640014378e-34 0.5621381185272196 0.6577216105728528
135 4.580624372962832e-34 0.5662965117891289 0.6529199260615911
136 7.015598988674047e-34 0.570454570928284 0.6481878485143117
137 1.0823404056022112e-33 0.5746123008235757 0.6435238751232517
138 1.6818962705850107e-33 0.5787697062480737 0.6389265460358583
139 2.6323781364542303e-33 0.5829267918720571 0.6343944428307934
140 4.149434419236144e-33 0.5870835622659369 0.6299261870583699
141 6.587175615945065e-33 0.5912400219030759 0.625520438842266
142 1.0530712038981217e-32 0.595396175162509 0.6211758955395319
143 1.6952866514298025e-32 0.5995520263315709 0.6168912904560757
144 2.7481124756623735e-32 0.6037075796084317 0.6126653916149686
145 4.4855030384830894e-32 0.6078628391045463 0.6084970005750476
146 7.371446423308836e-32 0.6120178088470202 0.6043849512974413
147 1.2196608150954871e-31 0.6161724927808957 0.6003281090577596
148 2.031657016710073e-31 0.6203268947713612 0.5963253694018216
149 3.406960563740636e-31 0.6244810186058866 0.5923756571428975
150 5.751351397815428e-31 0.6286348679962881 0.5884779253985527
151 9.77326616613574e-31 0.6327884465807256 0.5846311546652816
152 1.6716978026481022e-30 0.6369417579256338 0.5808343519292136
153 2.8780973389325847e-30 0.6410948055275909 0.5770865498112587
154 4.987288890849894e-30 0.645247592815128 0.573386805745148
155 8.697948471919642e-30 0.6494001231504785 0.5697342011869018
156 1.5266677783779867e-29 0.6535523998312731 0.5661278408543321
157 2.696683802149923e-29 0.6577044260921815 0.5625668519952556
158 4.79353483516776e-29 0.6618562051065007 0.5590503836831617
159 8.574423656749452e-29 0.6660077399876951 0.5555776061391402
160 1.5433350016274867e-28 0.6701590337908886 0.5521477100789344
161 2.7951487861950083e-28 0.674310089514309 0.5487599060840387
162 5.093573264383041e-28 0.6784609101006909 0.5454134239958158
163 9.338921706522054e-28 0.6826114984386324 0.5421075123316546
164 1.722706565410704e-27 0.6867618573639139 0.5388414377222394
165 3.197056582531651e-27 0.6909119896607742 0.5356144843690464
166 5.968950944815808e-27 0.6950618980631506 0.5324259535212224
167 1.1210856468096436e-26 0.6992115852558803 0.5292751629710433
168 2.1181527591744906e-26 0.7033610538758681 0.5261614465671882
169 4.025670776515195e-26 0.7075103065132173 0.523084153745096
170 7.696028923248444e-26 0.7116593457123294 0.5200426490737143
171 1.4798841858367578e-25 0.7158081739729713 0.5170363118179714
172 2.862244202217209e-25 0.7199567937513106 0.5140645355163428
173 5.567869410291609e-25 0.7241052074609231 0.5111267275729056
174 1.089332470780923e-24 0.7282534174737691 0.5082223088633062
175 2.1434172640263115e-24 0.7324014261211436 0.5053507133540893
176 4.241445015086901e-24 0.7365492356945987 0.5025113877348633
177 8.440495317341518e-24 0.740696848446841 0.4997037910627992
178 1.6890997163319054e-23 0.7448442665926027 0.49692739441898537
179 3.39908754337608e-23 0.748991492309489 0.4941816805761762
180 6.878214383449052e-23 0.7531385277388022 0.4914661436774982
181 1.3995296465350338e-22 0.7572853749863429 0.48878028892569436
182 2.8633103221308375e-22 0.7614320361231892 0.4861236322825059
183 5.89008666105509e-22 0.765578513186455 0.4834957001778045
184 1.2182293780252903e-21 0.769724808180027 0.48089602922811436
185 2.533248985192639e-21 0.7738709230752828 0.4783241659641646
186 5.296092410648611e-21 0.7780168598117893 0.47577966656714227
187 1.1131397120984833e-20 0.7821626202979818 0.4732620966133203
188 2.3520576020436646e-20 0.7863082064118267 0.4707710308267518
189 4.996181684996764e-20 0.7904536200014652 0.4683060528397361
190 1.0668625047019326e-19 0.7945988628858406 0.46586675496077223
191 2.2900593213434313e-19 0.7987439368553093 0.46345273794972913
192 4.941300663093363e-19 0.8028888436722363 0.4610636107999705
193 1.0717177732851086e-18 0.8070335850715746 0.45869899052718616
194 2.3364293260235332e-18 0.81117816276143 0.45635850196468963
195 5.1197234541810126e-18 0.8153225784236111 0.45404177756495184
196 1.127588628878677e-17 0.8194668337141666 0.45174845720715057
197 2.4960541887619948e-17 0.8236109302639072 0.4494781880105254
198 5.553226508743389e-17 0.8277548696789154 0.44723062415333165
199 1.2416919166160415e-16 0.8318986535410428 0.44500542669720095
200 2.790284886707544e-16 0.8360422834083934 0.4428022634167217
201 6.301424173348463e-16 0.8401857608157971 0.44062080863405534
202 1.4301240544864793e-15 0.8443290872752699 0.4384607430584205
203 3.2616923570189032e-15 0.8484722642764633 0.43632175363027503
204 7.475429152640315e-15 0.8526152932871026 0.43420353337003803
205 1.7216417136498946e-14 0.8567581757534151 0.43210578123119814
206 3.984306131578301e-14 0.8609009131005466 0.43002820195766034
207 9.265220544699502e-14 0.8650435067329694 0.4279705059451877
208 2.1649203428719792e-13 0.8691859580348794 0.42593240910680563
209 5.082779090259623e-13 0.8733282683705845 0.42391363274203153
210 1.1990128879277394e-12 0.8774704390848829 0.42191390340980833
211 2.8418425613320656e-12 0.881612471503433 0.41993295280501786
212 6.76737213012093e-12 0.885754366933115 0.41797051763845666
213 1.6191027463747307e-11 0.889896126662383 0.4160263395201635
214 3.8918274940047583e-11 0.8940377519616096 0.41410016484598644
215 9.39827564534349e-11 0.8981792440834221 0.4121917446872894
216 2.2800737196892482e-10 0.9023206042630317 0.4103008346836936
217 5.557077946105051e-10 0.9064618337185538 0.40842719493875834
218 1.3606042925075808e-9 0.9106029336513225 0.4065705899185084
219 3.3465388944642935e-9 0.9147439052461964 0.4047307883527157
220 8.26855527370417e-9 0.9188847496718586 0.4029075631388508
221 2.0522214101140226e-8 0.9230254680811096 0.40110069124861875
222 5.116474378853591e-8 0.9271660616111534 0.3993099536369989
223 1.2813290358158287e-7 0.9313065313838774 0.3975351351537111
224 3.223184374182145e-7 0.9354468785061254 0.39577602445703247
225 8.143960662104409e-7 0.9395871040699663 0.3940324139298933
226 2.066825056568415e-6 0.9437272091529545 0.39230409959818097
227 5.268425842822874e-6 0.9478671948183865 0.39059088105118467
228 1.3488348290784794e-5 0.9520070621155508 0.38889256136411665
229 3.468399663771345e-5 0.9561468120799725 0.38720894702264536
230 8.957436780427753e-5 0.9602864457336534 0.3855398478493813
231 2.3233491506504802e-4 0.9644259640853056 0.3838850769322566
232 6.052199708353021e-4 0.9685653681305808 0.38224445055474077
233 1.5833322627888072e-3 0.9727046588522953 0.38061778812783886
234 4.159900856386171e-3 0.9768438372206485 0.37900491212381854
235 1.0975849450276142e-2 0.9809829041934385 0.37740564801161613
236 2.9082366700400618e-2 0.985121860716272 0.3758198241938703
237 7.738380156709934e-2 0.9892607077227705 0.3742472719455372
238 0.206771852109481 0.9933994461347716 0.3726878253540414
239 0.5548124678155355 0.9975380768625263 0.3711413212609155
240 1.494881965528968 1.0016766008048923 0.369607599204888
241 4.044510904929464 1.0058150188495232 0.3680865013663772
242 10.987935960476133 1.0099533318730542 0.3665778725133486
243 29.97435684030824 1.0140915407412827 0.36508155994850017
244 82.1031794773106 1.0182296463093468 0.3635974134577349
245 225.807930525486 1.0223676494218992 0.3621252852598857
246 623.5630035152914 1.0265055509132777 0.360665029957657
247 1728.9256005454681 1.0306433516076727 0.35921650448974857
248 4813.046112681632 1.0347810523192906 0.3577795680841282
249 13452.546042399754 1.0389186538525148 0.35635408221242204
250 37750.50354097169 1.0430561570020624 0.354939910545391
251 106357.44930167276 1.0471935625531383 0.35353691890946304
252 300838.31026685436 1.051330871281587 0.3521449752442924
253 854302.4362569841 1.0554680839540402 0.35076394956131823
254 2435548.001228218 1.0596052013280624 0.34939371390329377
255 6970783.68703089 1.0637422241522925 0.3480341423047608
256 2.002902255758238e7 1.0678791531665839 0.3466851107534441
257 5.777295285065369e7 1.0720159891021412 0.34534649715253946
258 1.6728981856484675e8 1.076152732681655 0.34401818128387296
259 4.8628191085867196e8 1.0802893846194324 0.3427000447719062
260 1.418972417066157e9 1.0844259456215268 0.34139197104856744
261 4.156431718964738e9 1.0885624163858645 0.34009384531888387
262 1.222142586869669e10 1.0926987976023685 0.33880555452739575
263 3.607209417137365e10 1.096835089953081 0.3375269873253311
264 1.0687173330115068e11 1.100971294112282 0.3362580340385208
265 3.178265572352325e11 1.1051074107466072 0.3349985866360347
266 9.48739994478069e11 1.1092434405151632 0.33374853869952015
267 2.842679096588455e12 1.1133793840696398 0.3325077853932246
268 8.549210639464261e12 1.117515242054421 0.3312762234346844
269 2.580689477447467e13 1.121651015106694 0.3300537510660627
270 7.818997569674411e13 1.1257867038565563 0.3288402680261194
271 2.377749421203293e14 1.1299223089271189 0.3276356755227975
272 7.257297049258133e14 1.134057830934611 0.3264398762064103
273 2.2231649924622845e15 1.1381932704884796 0.32525277414341264
274 6.835191485506075e15 1.1423286281914893 0.3240742747907432
275 2.109143494934796e16 1.1464639046398195 0.3229042849707223
276 6.531791596156835e16 1.1505991004231595 0.32174271284649214
277 2.0301288375327533e17 1.1547342161248029 0.32058946789798404
278 6.332487623014391e17 1.1588692523217394 0.3194444608984023
279 1.982343849445681e18 1.1630042095847453 0.3183076038912088
280 6.227761527566921e18 1.167139088478472 0.31717881016759863
281 1.9634859984108474e19 1.1712738895615347 0.31605799424445247
282 6.212423144380917e19 1.175408613386596 0.3149450718427547
283 1.9725417857888076e20 1.1795432605004517 0.3138399598664671
284 6.285183654204156e20 1.1836778314441128 0.31274257638184466
285 2.0096987518994628e21 1.1878123267528873 0.31165284059718373
286 6.448517356840108e21 1.1919467469564593 0.3105706728429939
287 2.0763445877905205e22 1.1960810925789682 0.309495994552579
288 6.708793084033851e22 1.2002153641390854 0.3084287282430222
289 2.175151816191308e23 1.2043495621500904 0.307368797496562
290 7.076683885636237e23 1.2084836871199447 0.3063161269423511
291 2.3102550806827333e24 1.212617739551365 0.30527064223858924
292 7.567891441316901e24 1.2167517199418965 0.30423227005502057
293 2.487537380550802e25 1.2208856287839813 0.30320093805578646
294 8.20425357685772e25 1.2250194665650296 0.3021765748826273
295 2.71505280647398e26 1.229153233767488 0.30115911013842184
296 9.015343434990426e26 1.2332869308689052 0.30014847437105974
297 3.0036279390996245e27 1.2374205583419995 0.29914459905763696
298 1.0040722608937718e28 1.2415541166547235 0.29814741658896693
299 3.3677040451368713e28 1.245687606270327 0.29715686025440147
300 1.1333085301324418e29 1.2498210276474213 0.2961728642269524
301 3.826510349253354e29 1.2539543812400389 0.2951953635487085
302 1.2962637025367654e30 1.2580876674976962 0.2942242941165399
303 4.405699082154398e30 1.2622208868654523 0.29325959266808355
304 1.5023205352197454e31 1.2663540397839672 0.2923011967680046
305 5.139631831244661e31 1.2704871266895605 0.2913490447945245
306 1.7640805497987524e32 1.2746201480142678 0.29040307592621367
307 6.07459319834124e32 1.2787531041858968 0.28946323012903874
308 2.0985716201789325e33 1.2828859956280816 0.288529448143662
309 7.27333599284476e33 1.2870188227603376 0.2876016714729846
310 2.52896165574892e34 1.2911515859981142 0.2866798423699308
311 8.821553810140427e34 1.2952842857528475 0.28576390382546496
312 3.087007733323918e35 1.2994169224320116 0.28485379955683854
313 1.0837165374400946e36 1.3035494964391692 0.2839494739960607
314 3.81658230314288e36 1.307682008174022 0.2830508722785873
315 1.3483732702955542e37 1.3118144580324587 0.2821579402322251
316 4.7787890327870955e37 1.3159468464066049 0.2812706243662444
317 1.6990003999012006e38 1.3200791736848692 0.28038887186069666
318 6.0594430464604926e38 1.3242114402519907 0.2795126305559332
319 2.167860190936144e39 1.3283436464890852 0.27864184894231825
320 7.780095485172127e39 1.33247579277369 0.27777647615013573
321 2.800847499039859e40 1.3366078794798093 0.27691646193968167
322 1.011441313174781e41 1.3407399069779569 0.2760617566915413
323 3.6638226362694594e41 1.3448718756352012 0.2752123113970454
324 1.3312713438112541e42 1.3490037858152062 0.2743680776489017
325 4.852136426435261e42 1.3531356378782746 0.27352900763199933
326 1.7739019595915153e43 1.357267432181388 0.27269505411438055
327 6.505075661722347e43 1.361399169078249 0.2718661704383773
328 2.392749215995899e44 1.3655308489193196 0.2710423105119097
329 8.827954615191937e44 1.369662472051862 0.2702234287999409
330 3.2669094069292145e45 1.3737940388199767 0.2694094803160878
331 1.212618577154848e46 1.3779255495646412 0.26860042061438205
332 4.514581825230095e46 1.3820570046237473 0.26779620578117935
333 1.6858274044849736e47 1.386188404332138 0.2669967924272135
334 6.314036169346678e47 1.390319749021645 0.26620213767979306
335 2.3718953665735217e48 1.3944510390211238 0.2654121991751354
336 8.936647878074354e48 1.3985822746564893 0.26462693505083906
337 3.3770741728756676e49 1.4027134562507515 0.26384630393848724
338 1.279939920501215e50 1.4068445841240487 0.26307026495638297
339 4.865391840136052e50 1.4109756585936826 0.2622987777024121
340 1.8549045034651373e51 1.4151066799741507 0.26153180224703115
341 7.092462513270482e51 1.4192376485771803 0.2607692991263778
342 2.7198226697051596e52 1.42336856471176 0.2600112293355021
343 1.0460404639661437e53 1.427499428684172 0.25925755432171466
344 4.034754037169171e53 1.431630240798024 0.2585082359780508
345 1.560783555658842e54 1.4357610013542792 0.25776323663684764
346 6.055105359565948e54 1.4398917106512887 0.2570225190634314
347 2.3558656967608312e55 1.4440223689848197 0.25628604644991404
348 9.192329154842372e55 1.4481529766480865 0.2555537824090956
349 3.597023322522031e56 1.452283533931779 0.2548256909684711
350 1.4115622757075468e57 1.4564140411240927 0.25410173656433976
351 5.5551067646880585e57 1.4605444985107556 0.25338188403601375
352 2.1923851366968678e58 1.464674906375058 0.25266609862012573
353 8.677005536833175e58 1.4688052649978784 0.25195434594503235
354 3.443880082436123e59 1.4729355746577122 0.2512465920253122
355 1.3707171327876815e60 1.4770658356306983 0.25054280325635575
356 5.470989846733541e60 1.4811960481906445 0.24984294640904706
357 2.1897715846563643e61 1.4853262126090556 0.2491469886245328
358 8.789075062658589e61 1.4894563291551575 0.2484548974090801
359 3.5374931846030016e62 1.4935863980959228 0.24776664062901882
360 1.4277520071395297e63 1.497716419696097 0.24708218650576771
361 5.778449783575155e63 1.5018463942182223 0.2464015036109437
362 2.3451357637407332e64 1.505976321922662 0.2457245608615503
363 9.543758082294686e64 1.5101062030676249 0.24505132751524664
364 3.894595544152231e65 1.5142360379091886 0.24438177316569298
365 1.5936522162443192e66 1.5183658267013234 0.2437158677379729
366 6.5389760257945455e66 1.5224955696959144 0.24305358148408998
367 2.6903434155824524e67 1.526625267142786 0.2423948849785375
368 1.1099010673515923e68 1.530754919289722 0.24173974911394047
369 4.5913056144873255e68 1.5348845263824902 0.24108814509676738
370 1.9044095314784053e69 1.5390140886648622 0.2404400444431121
371 7.920517299392643e69 1.543143606378636 0.23979541897454285
372 3.3030311142989354e70 1.547273079763657 0.239154240814018
373 1.3811300619450811e71 1.5514025090578385 0.2385164823818677
374 5.790501554244271e71 1.555531894497184 0.2378821163918384
375 2.434189522976238e72 1.5596612363158058 0.23725111584720204
376 1.0259970808921045e73 1.5637905347459455 0.23662345403692536
377 4.335990635704255e73 1.5679197900179949 0.23599910453190112
378 1.8372911390085966e74 1.572049002360514 0.23537804118123795
379 7.805703241424747e74 1.5761781720002521 0.23476023810860916
380 3.3249681906582183e75 1.5803072991621656 0.23414566970865877
381 1.420042572128448e76 1.5844363840694373 0.23353431064346367
382 6.080659275357718e76 1.588565426943495 0.23292613583905128
383 2.6105525914701855e77 1.5926944280040298 0.23232112048197137
384 1.1236828515867846e78 1.5968233874690143 0.2317192400159213
385 4.849329091143131e78 1.6009523055547206 0.2311204701384234
386 2.098182427648557e79 1.6050811824757372 0.2305247867975539
387 9.101764963310318e79 1.6092100184449873 0.22993216618872206
388 3.958456580555083e80 1.613338813673746 0.2293425847514993
389 1.7260015556396598e81 1.6174675683716564 0.2287560191664966
390 7.545163453746831e81 1.6215962827467474 0.2281724463522897
391 3.3067811536268415e82 1.6257249570054493 0.22759184346239186
392 1.4529436131454625e83 1.6298535913526102 0.2270141878822714
393 6.4002326317109e83 1.633982185991514 0.22643945722641637
394 2.8264652769023906e84 1.638110741123893 0.22586762933544186
395 1.2513813002857235e85 1.6422392569499469 0.2252986822732425
396 5.554321435258315e85 1.6463677336683558 0.2247325943241868
397 2.471524636629237e86 1.6504961714762967 0.22416934399035465
398 1.102525703396616e87 1.6546245705694589 0.22360890998881516
399 4.930598263958998e87 1.6587529311420586 0.22305127124894658
400 2.2105223773667617e88 1.6628812533868529 0.22249640690979483
401 9.935092472135778e88 1.6670095374951552 0.2219442963174723
402 4.476390083899466e89 1.6711377836568504 0.22139491902259503
403 2.0219028077345425e90 1.6752659920604067 0.22084825477775785
404 9.15516769543507e90 1.679394162892892 0.2203042835350466
405 4.15569209482876e91 1.683522296339986 0.2197629854435874
406 1.8909881873148814e92 1.687650392585996 0.21922434084713194
407 8.625813082651678e92 1.6917784518138679 0.21868833028167775
408 3.9443408212689483e93 1.695906474205201 0.2181549344731238
409 1.8080456583735362e94 1.7000344599402615 0.2176241343349603
410 8.308111891628015e94 1.7041624091979946 0.2170959109659915
411 3.826931541299042e95 1.7082903221560375 0.21657024564809257
412 1.7670624742779605e96 1.7124181989907328 0.21604711984399816
413 8.179060547319071e96 1.7165460398771406 0.21552651519512342
414 3.794920796596322e97 1.7206738449890504 0.21500841351941602
415 1.7650103707470162e98 1.7248016144989948 0.2144927968092398
416 8.228762909538341e98 1.72892934857826 0.21397964722928797
417 3.8455820523532707e99 1.7330570473968983 0.21346894711452652
418 1.8014714104014896e100 1.7371847111237406 0.21296067896816745
419 8.459173867823584e100 1.7413123399264077 0.21245482545967015
420 3.981634142468264e101 1.745439933971321 0.21195136942277154
421 1.8785602345065514e102 1.749567493423715 0.21145029385354433
422 8.884169420013615e102 1.7536950184476483 0.21095158190848265
423 4.211473239327422e103 1.7578225092060142 0.21045521690261423
424 2.0011256082457835e104 1.7619499658605526 0.20996118230764008
425 9.530931319074432e104 1.7660773885718601 0.2094694617500995
426 4.5500338041852564e105 1.7702047774994012 0.2089800390095612
427 2.1772576107027546e106 1.7743321328015185 0.20849289801683965
428 1.0442838252106318e107 1.7784594546354433 0.2080080228522365
429 5.020401669566678e107 1.7825867431573066 0.20752539774380588
430 2.419174580146793e108 1.7867139985221487 0.2070450070656447
431 1.1684293257937782e109 1.7908412208839295 0.20656683533620585
432 5.656422648350379e109 1.7949684103955383 0.20609086721663514
433 2.744625574506684e110 1.7990955672088043 0.20561708750913107
434 1.3348236801500266e111 1.8032226914745053 0.205145481155327
435 6.506717440874838e111 1.8073497833423793 0.20467603323469608
436 3.179032414319743e112 1.8114768429611317 0.20420872896297737
437 1.5567563788598357e113 1.8156038704784458 0.2037435536906238
438 7.640763845828007e113 1.8197308660409937 0.20328049290127131
439 3.7587294957706305e114 1.8238578297944426 0.2028195322102287
440 1.8532384207821717e115 1.827984761883466 0.2023606573629882
441 9.158096464659585e115 1.8321116624517522 0.20190385423375587
442 4.5358700552871675e116 1.8362385316420127 0.20144910882400222
443 2.2516208097251848e117 1.8403653695959918 0.20099640726103205
444 1.1202293814142792e118 1.8444921764544757 0.20054573579657378
445 5.585904766135734e118 1.8486189523572991 0.2000970808053876
446 2.7915973304820617e119 1.8527456974433558 0.19965042878389236
447 1.3982425920576262e120 1.8568724118506068 0.1992057663488106
448 7.01908693551217e120 1.8609990957160873 0.19876308023583178
449 3.531383658969284e121 1.865125749175917 0.19832235729829345
450 1.7806281183204104e122 1.8692523723653063 0.1978835845058797
451 8.998361954917502e122 1.8733789654185655 0.19744674894333683
452 4.55736141672297e123 1.8775055284691125 0.1970118378092062
453 2.313242426141161e124 1.8816320616494808 0.19657883841457366
454 1.1767504807728405e125 1.8857585650913276 0.19614773818183542
455 5.999306908560699e125 1.8898850389254396 0.19571852464348014
456 3.0652729063275977e126 1.8940114832817438 0.1952911854408872
457 1.569591018359314e127 1.8981378982893131 0.19486570832314
458 8.054731804102278e127 1.9022642840763733 0.19444208114585582
459 4.142483847444641e128 1.906390640770312 0.19402029187002987
460 2.1350776290036733e129 1.9105169684976842 0.19360032856089482
461 1.1028274822023913e130 1.9146432673842217 0.19318217938679547
462 5.708743351498666e130 1.9187695375548384 0.19276583261807692
463 2.9614912943671327e131 1.9228957791336379 0.19235127662598842
464 1.5396265344916396e132 1.9270219922439207 0.19193849988160017
465 8.021457578554479e132 1.9311481770081909 0.19152749095473479
466 4.188149460199556e133 1.9352743335481635 0.19111823851291213
467 2.1913918277959645e134 1.9394004619847702 0.1907107313203077
468 1.1490658195397607e135 1.9435265624381675 0.1903049582367243
469 6.038023550129544e135 1.9476526350277414 0.1899009082165771
470 3.1795653885148005e136 1.9517786798721164 0.18949857030789097
471 1.677883576297567e137 1.9559046970891598 0.18909793365131103
472 8.873093131686551e137 1.9600306867959896 0.18869898747912592
473 4.702247346540798e138 1.9641566491089792 0.18830172111430257
474 2.497187661756128e139 1.968282584143766 0.18790612396953402
475 1.3289549105706673e140 1.9724084920152556 0.1875121855462988
476 7.0872989224614085e140 1.9765343728376286 0.18711989543393207
477 3.7875710148436775e141 1.9806602267243476 0.18672924330870846
478 2.0283759242690817e142 1.984786053788161 0.18634021893293679
479 1.088533616566742e143 1.9889118541411115 0.1859528121540651
480 5.853816373935089e143 1.993037627894541 0.18556701290379804
481 3.154556557403785e144 1.9971633751590954 0.1851828111972241
482 1.703482378850004e145 2.001289096044731 0.18480019713195459
483 9.217968407434387e145 2.0054147906607227 0.18441916088727253
484 4.998378890287291e146 2.0095404591156645 0.18403969272329257
485 2.7159243836613312e147 2.0136661015174804 0.18366178298013103
486 1.4787640300514487e148 2.017791717973426 0.18328542207708615
487 8.068094086770907e148 2.021917308590096 0.1829106005118284
488 4.410949427859521e149 2.0260428734734295 0.18253730885960082
489 2.4164645876598394e150 2.0301684127287154 0.1821655377724288
490 1.3265212603926323e151 2.034293926460596 0.18179527797834033
491 7.296786116472609e151 2.038419414773075 0.18142652028059428
492 4.021896085085796e152 2.0425448777695214 0.1810592555569198
493 2.2213148246494522e153 2.0466703155526726 0.18069347475876335
494 1.2293276376554499e154 2.0507957282246445 0.18032916891054618
495 6.817131388573461e154 2.054921115886931 0.17996632910892954
496 3.7880038017818355e155 2.059046478640412 0.17960494652208991
497 2.109075432015422e156 2.0631718165853603 0.17924501238900192
498 1.1766438596563316e157 2.0672971298214406 0.17888651801873073
499 6.577599433922284e157 2.07142241844772 0.17852945478973217
500 3.684321694517707e158 2.0755476825626706 0.17817381414916184
501 2.0678244511470703e159 2.0796729222641734 0.177819587612192
502 1.1628777678063248e160 2.0837981376495245 0.17746676676133685
503 6.552650893618867e160 2.0879233288154393 0.17711534324578584
504 3.699651748705727e161 2.0920484958580565 0.1767653087807446
505 2.092973883973289e162 2.0961736388729437 0.17641665514678395
506 1.1863811170390186e163 2.100298757955101 0.17606937418919671
507 6.738145816115547e163 2.104423853198966 0.1757234578173616
508 3.83451697332228e164 2.108548924698418 0.1753788980041151
509 2.186418672349228e165 2.112673972546783 0.17503568678513043
510 1.2491273708276543e166 2.1167989968368373 0.1746938162583041
511 7.15038115018726e166 2.1209239976608116 0.17435327858314906
512 4.101087864990875e167 2.125048975110396 0.17401406598019561
513 2.356756531082732e168 2.1291739292767438 0.17367617073039876
514 1.3569832413804055e169 2.1332988602504765 0.17333958517455295
515 7.828467109886778e169 2.1374237681216863 0.17300430171271294
516 4.5250129808255023e170 2.141548652979942 0.17267031280362233
517 2.620608550105421e171 2.1456735149142916 0.17233761096414746
518 1.5206248568982448e172 2.1497983540132672 0.1720061887687191
519 8.840524098483975e172 2.1539231703648887 0.1716760388487797
520 5.149538722914689e173 2.158047964056668 0.17134715389223723
521 3.005324924248996e174 2.162172735175612 0.17101952664292563
522 1.7572992881239e175 2.1662974838082274 0.17069314990007084
523 1.029507797561108e176 2.170422210040525 0.17036801651776345
524 6.042846648119344e176 2.174546913958022 0.17004411940443698
525 3.5536933998563595e177 2.1786715956457465 0.1697214515223524
526 2.093838679778399e178 2.182796255188242 0.1694000058870884
527 1.2360322355443264e179 2.1869208926695696 0.16907977556703732
528 7.310349398081973e179 2.191045508173312 0.16876075368290697
529 4.331782857415863e180 2.195170101782579 0.16844293340722793
530 2.5716619687115854e181 2.199294673580008 0.16812630796386666
531 1.529601167037036e182 2.20341922364777 0.16781087062754355
532 9.115030279724773e182 2.207543752067572 0.1674966147233572
533 5.441919106711172e183 2.2116682589206618 0.16718353362631325
534 3.255056875921099e184 2.2157927442878282 0.16687162076085882
535 1.95063538130661e185 2.2199172082494085 0.16656086960042246
536 1.171124638089463e186 2.224041650885289 0.1662512736669585
537 7.04430475784209e186 2.2281660722749095 0.1659428265304972
538 4.2450191461258965e187 2.2322904724972674 0.16563552180869937
539 2.5628676142480346e188 2.236414851630919 0.16532935316641634
540 1.550158858764975e189 2.2405392097539845 0.16502431431525458
541 9.39351795035261e189 2.244663546944149 0.16472039901314495
542 5.70270470848179e190 2.24878786327867 0.16441760106391717
543 3.4684271462304514e191 2.2529121588343757 0.16411591431687855
544 2.1134008610118926e192 2.257036433687671 0.16381533266639767
545 1.2901117536511283e193 2.2611606879145394 0.16351585005149227
546 7.88982690818574e193 2.2652849215905477 0.16321746045542207
547 4.833935588858526e194 2.2694091347908474 0.1629201579052856
548 2.9670580062098623e195 2.2735333275901772 0.16262393647162182
549 1.8244903367762342e196 2.277657500062869 0.162328790268016
550 1.123947473374178e197 2.2817816522828474 0.16203471345070936
551 6.936461017756424e197 2.285905784323635 0.161741700218214
552 4.288603995381581e198 2.2900298962583543 0.16144974481093088
553 2.656308934030116e199 2.294153988159731 0.16115884151077267
554 1.6482551680867938e200 2.2982780601000963 0.16086898464079039
555 1.0245947481842051e201 2.3024021121513907 0.16058016856480395
556 6.38058084844218e201 2.3065261443851655 0.16029238768703732
557 3.980588810555332e202 2.3106501568725863 0.16000563645175636
558 2.4877803675094453e203 2.314774149684437 0.15971990934291205
559 1.5575893936730728e204 2.318898122891121 0.15943520088378624
560 9.769419708063177e204 2.3230220765626632 0.15915150563664204
561 6.138440015998144e205 2.3271460107687143 0.15886881820237747
562 3.863841932894974e206 2.3312699255785536 0.15858713322018286
563 2.4364157762599844e207 2.33539382106109 0.1583064453672024
564 1.539050270889827e208 2.3395176972848666 0.1580267493581981
565 9.739175659440243e208 2.343641554318061 0.15774803994521883
566 6.173880615456375e209 2.347765392228491 0.1574703119172716
567 3.9206632286979125e210 2.351889211083613 0.15719356009999694
568 2.4941627546343666e211 2.3560130109505293 0.15691777935534754
569 1.5894711006496085e212 2.360136791895986 0.15664296458127022
570 1.0147095370025074e213 2.3642605539863792 0.15636911071139137
571 6.489194268523691e213 2.3683842972877556 0.15609621271470553
572 4.1571759850342326e214 2.3725080218658148 0.15582426559526746
573 2.6678617538502876e215 2.376631727785912 0.15555326439188685
574 1.7150792458646945e216 2.380755415113062 0.15528320417782715
575 1.1044847090485206e217 2.384879083911938 0.15501408006050663
576 7.12506056622345e217 2.389002734246878 0.15474588718120305
577 4.60436183216954e218 2.393126366181885 0.15447862071476126
578 2.9805819153909424e219 2.3972499797806286 0.15421227586930372
579 1.932778631655117e220 2.4013735751064487 0.1539468478859443
580 1.25548438191282e221 2.405497152222358 0.15368233203850468
581 8.169347544766967e221 2.409620711191043 0.15341872363323383
582 5.324869971084356e222 2.413744252074866 0.15315601800853057
583 3.4767618277903836e223 2.417867774935871 0.15289421053466837
584 2.273965649603218e224 2.42199127983578 0.15263329661352393
585 1.489822797551852e225 2.426114766836 0.15237327167830744
586 9.777454937747784e225 2.430238235997623 0.1521141311932965
587 6.427709813050338e226 2.434361687381428 0.15185587065357223
588 4.232770050565796e227 2.438485121047885 0.15159848558475827
589 2.7920925688926265e228 2.442608537057155 0.15134197154276235
590 1.8448897820151023e229 2.446731935469092 0.1510863241135204
591 1.2210832402202887e230 2.4508553163432483 0.15083153891274356
592 8.095675805089335e230 2.454978679738872 0.15057761158566746
593 5.376414009916406e231 2.459102025714912 0.15032453780680397
594 3.576537861587265e232 2.46322535433002 0.15007231327969586
595 2.383209656348487e233 2.4673486656425507 0.1498209337366734
596 1.590705382024409e234 2.471471959710566 0.1495703949386138
597 1.0635162009682873e235 2.475595236591835 0.14932069267470277
598 7.122363162921915e235 2.4797184963438363 0.14907182276219888
599 4.777806449904079e236 2.4838417390237626 0.14882378104619973
600 3.210378352382334e237 2.4879649646885187 0.1485765633994108
601 2.1607569046754955e238 2.492088173394725 0.14833016572191665
602 1.4567211559153749e239 2.4962113651987203 0.14808458394095408
603 9.837088487861874e239 2.5003345401565635 0.14783981401068783
604 6.653883159749321e240 2.504457698324033 0.1475958519119884
605 4.5081776171575883e241 2.508580839756633 0.147352693652212
606 3.0594470351508996e242 2.5127039645095905 0.1471103352649829
607 2.0796955085718905e243 2.5168270726378603 0.14686877280997748
608 1.4160229358371864e244 2.520950164196126 0.14662800237271092
609 9.657247680683972e244 2.525073239238802 0.14638802006432555
610 6.597020491458523e245 2.529196297820034 0.14614882202138185
611 4.5139060309999395e246 2.533319339993702 0.14591040440565062
612 3.0936149134716065e247 2.5374423658134226 0.14567276340390797
613 2.1236742141658405e248 2.5415653753325484 0.145435895227732
614 1.4602132512337945e249 2.5456883686041727 0.14519979611330144
615 1.0056579212372788e250 2.5498113456811278 0.1449644623211963
616 6.937272108863845e250 2.5539343066159907 0.14472989013620044
617 4.793254594704253e251 2.5580572514610807 0.14449607586710603
618 3.3172212919558037e252 2.5621801802684647 0.14426301584651996
619 2.2994259980568848e253 2.566303093089956 0.14403070643067215
620 1.5964831771228534e254 2.570425989977117 0.14379914399922547
621 1.1102174413023296e255 2.574548870981261 0.1435683249550879
622 7.733024966681446e255 2.5786717361534546 0.14333824572422615
623 5.394948799331132e256 2.582794585544517 0.1431089027554811
624 3.7698205320943974e257 2.5869174192050237 0.14288029252038528
625 2.638446818378779e258 2.591040237185308 0.14265241151298175
626 1.8495634180980343e259 2.5951630395354592 0.1424252562496449
627 1.29862038995113e260 2.5992858263053304 0.14219882326890312
628 9.132427119283481e260 2.6034085975445342 0.1419731091312627
629 6.43250484205428e261 2.6075313533024462 0.14174811041903382
630 4.537982780185639e262 2.611654093628208 0.14152382373615804
631 3.206515101404956e263 2.6157768185707275 0.1413002457080374
632 2.269291950157284e264 2.6198995281786783 0.14107737298136513
633 1.6085442351248164e265 2.624022222500506 0.14085520222395823
634 1.1419842573987781e266 2.6281449015844247 0.14063373012459096
635 8.120272827770874e266 2.6322675654784216 0.14041295339283086
636 5.78313654941288e267 2.6363902142302575 0.1401928687588753
637 4.125128903210893e268 2.6405128478874675 0.1399734729733904
638 2.9470790540398316e269 2.6446354664973635 0.13975476280735105
639 2.1087503530039379e270 2.6487580701070352 0.1395367350518823
640 1.5112510352344607e271 2.652880658763351 0.13931938651810263
641 1.0847385084042805e272 2.6570032325129604 0.13910271403696844
642 7.798111747237343e272 2.661125791402295 0.13888671445911993
643 5.614728361604845e273 2.665248335477569 0.13867138465472856
644 4.048945191962059e274 2.669370864784781 0.13845672151334598
645 2.9243399292621394e275 2.673493379369717 0.13824272194375412
646 2.1153662834069093e276 2.6776158792779485 0.1380293828738168
647 1.5325478092883507e277 2.6817383645548363 0.13781670125033282
648 1.1120189319468634e278 2.6858608352455318 0.13760467403889023
649 8.081258429002066e278 2.689983291394977 0.13739329822372204
650 5.881843243797151e279 2.6941057330479055 0.13718257080756324
651 4.287602433145879e280 2.6982281602488465 0.13697248881150914
652 3.1302654061036615e281 2.7023505730421227 0.1367630492748749
653 2.288823935047148e282 2.7064729714718534 0.13655424925505655
654 1.6761279473420662e283 2.710595355581956 0.13634608582739322
655 1.2293187128700957e284 2.714717725416146 0.1361385560850304
656 9.029908559499332e284 2.7188400810179396 0.13593165713878477
657 6.642976882331312e285 2.7229624224306535 0.1357253861170102
658 4.894424744243744e286 2.7270847496974073 0.13551974016546464
659 3.611595431239634e287 2.731207062861124 0.13531471644717863
660 2.6690337356243544e288 2.735329361964531 0.13511031214232488
661 1.9754478346647596e289 2.739451647050162 0.13490652444808887
662 1.4643085964496097e290 2.743573918160359 0.13470335057854085
663 1.0870617472843203e291 2.747696175337271 0.13450078776450874
664 8.082196136929747e291 2.751818418622856 0.13429883325345254
665 6.018068765852045e292 2.755940648058884 0.13409748430933946
666 4.487831219838108e293 2.760062863686936 0.13389673821252032
667 3.351710638921645e294 2.7641850655484066 0.13369659225960745
668 2.506952931465455e295 2.7683072536845037 0.13349704376335272
669 1.8779089489872713e296 2.77242942813625 0.133298090052528
670 1.40880409332741e297 2.776551588944485 0.13309972847180532
671 1.0584575261743218e298 2.780673736149866 0.13290195638163924
672 7.964198232980644e298 2.7847958697928687 0.13270477115814927
673 6.001440764695196e299 2.7889179899137866 0.13250817019300443
674 4.529109983145804e300 2.7930400965527364 0.1323121508933076
675 3.4230491701385285e301 2.7971621897496535 0.1321167106814821
676 2.5909282425227035e302 2.8012842695442988 0.13192184699515822
677 1.963987240580247e303 2.8054063359762553 0.1317275572870616
678 1.4909463752526075e304 2.8095283890849303 0.13153383902490204
679 1.1335078382151842e305 2.813650428909559 0.13134068969126358
680 8.630286934533906e305 2.817772455489202 NaN
681 NaN NaN NaN
682 NaN NaN NaN
683 NaN NaN NaN
684 NaN NaN NaN
685 NaN NaN NaN
686 NaN NaN NaN
687 NaN NaN NaN
688 NaN NaN NaN
689 NaN NaN NaN
690 NaN NaN NaN
691 NaN NaN NaN
692 NaN NaN NaN
693 NaN NaN NaN
694 NaN NaN NaN
695 NaN NaN NaN
696 NaN NaN NaN
697 NaN NaN NaN
698 NaN NaN NaN
699 NaN NaN NaN
700 NaN NaN NaN
701 NaN NaN NaN
702 NaN NaN NaN
703 NaN NaN NaN
704 NaN NaN NaN
705 NaN NaN NaN
706 NaN NaN NaN
707 NaN NaN NaN
708 NaN NaN NaN
709 NaN NaN NaN
710 NaN NaN NaN
711 NaN NaN NaN
712 NaN NaN NaN
713 NaN NaN NaN
714 NaN NaN NaN
715 NaN NaN NaN
716 NaN NaN NaN
717 NaN NaN NaN
718 NaN NaN NaN
719 NaN NaN NaN
720 NaN NaN NaN
721 NaN NaN NaN
722 NaN NaN NaN
723 NaN NaN NaN
724 NaN NaN NaN
725 NaN NaN NaN
726 NaN NaN NaN
727 NaN NaN NaN
728 NaN NaN NaN
729 NaN NaN NaN
730 NaN NaN NaN
731 NaN NaN NaN
732 NaN NaN NaN
733 NaN NaN NaN
734 NaN NaN NaN
735 NaN NaN NaN
736 NaN NaN NaN
737 NaN NaN NaN
738 NaN NaN NaN
739 NaN NaN NaN
740 NaN NaN NaN
741 NaN NaN NaN
742 NaN NaN NaN
743 NaN NaN NaN
744 NaN NaN NaN
745 NaN NaN NaN
746 NaN NaN NaN
747 NaN NaN NaN
748 NaN NaN NaN
749 NaN NaN NaN
750 NaN NaN NaN
751 NaN NaN NaN
752 NaN NaN NaN
753 NaN NaN NaN
754 NaN NaN NaN
755 NaN NaN NaN
756 NaN NaN NaN
757 NaN NaN NaN
758 NaN NaN NaN
759 NaN NaN NaN
760 NaN NaN NaN
761 NaN NaN NaN
762 NaN NaN NaN
763 NaN NaN NaN
764 NaN NaN NaN
765 NaN NaN NaN
766 NaN NaN NaN
767 NaN NaN NaN
768 NaN NaN NaN
769 NaN NaN NaN
770 NaN NaN NaN
771 NaN NaN NaN
772 NaN NaN NaN
773 NaN NaN NaN
774 NaN NaN NaN
775 NaN NaN NaN
776 NaN NaN NaN
777 NaN NaN NaN
778 NaN NaN NaN
779 NaN NaN NaN
780 NaN NaN NaN
781 NaN NaN NaN
782 NaN NaN NaN
783 NaN NaN NaN
784 NaN NaN NaN
785 NaN NaN NaN
786 NaN NaN NaN
787 NaN NaN NaN
788 NaN NaN NaN
789 NaN NaN NaN
790 NaN NaN NaN
791 NaN NaN NaN
792 NaN NaN NaN
793 NaN NaN NaN
794 NaN NaN NaN
795 NaN NaN NaN
796 NaN NaN NaN
797 NaN NaN NaN
798 NaN NaN NaN
799 NaN NaN NaN
800 NaN NaN NaN
801 NaN NaN NaN
802 NaN NaN NaN
803 NaN NaN NaN
804 NaN NaN NaN
805 NaN NaN NaN
806 NaN NaN NaN
807 NaN NaN NaN
808 NaN NaN NaN
809 NaN NaN NaN
810 NaN NaN NaN
811 NaN NaN NaN
812 NaN NaN NaN
813 NaN NaN NaN
814 NaN NaN NaN
815 NaN NaN NaN
816 NaN NaN NaN
817 NaN NaN NaN
818 NaN NaN NaN
819 NaN NaN NaN
820 NaN NaN NaN
821 NaN NaN NaN
822 NaN NaN NaN
823 NaN NaN NaN
824 NaN NaN NaN
825 NaN NaN NaN
826 NaN NaN NaN
827 NaN NaN NaN
828 NaN NaN NaN
829 NaN NaN NaN
830 NaN NaN NaN
831 NaN NaN NaN
832 NaN NaN NaN
833 NaN NaN NaN
834 NaN NaN NaN
835 NaN NaN NaN
836 NaN NaN NaN
837 NaN NaN NaN
838 NaN NaN NaN
839 NaN NaN NaN
840 NaN NaN NaN
841 NaN NaN NaN
842 NaN NaN NaN
843 NaN NaN NaN
844 NaN NaN NaN
845 NaN NaN NaN
846 NaN NaN NaN
847 NaN NaN NaN
848 NaN NaN NaN
849 NaN NaN NaN
850 NaN NaN NaN
851 NaN NaN NaN
852 NaN NaN NaN
853 NaN NaN NaN
854 NaN NaN NaN
855 NaN NaN NaN
856 NaN NaN NaN
857 NaN NaN NaN
858 NaN NaN NaN
859 NaN NaN NaN
860 NaN NaN NaN
861 NaN NaN NaN
862 NaN NaN NaN
863 NaN NaN NaN
864 NaN NaN NaN
865 NaN NaN NaN
866 NaN NaN NaN
867 NaN NaN NaN
868 NaN NaN NaN
869 NaN NaN NaN
870 NaN NaN NaN
871 NaN NaN NaN
872 NaN NaN NaN
873 NaN NaN NaN
874 NaN NaN NaN
875 NaN NaN NaN
876 NaN NaN NaN
877 NaN NaN NaN
878 NaN NaN NaN
879 NaN NaN NaN
880 NaN NaN NaN
881 NaN NaN NaN
882 NaN NaN NaN
883 NaN NaN NaN
884 NaN NaN NaN
885 NaN NaN NaN
886 NaN NaN NaN
887 NaN NaN NaN
888 NaN NaN NaN
889 NaN NaN NaN
890 NaN NaN NaN
891 NaN NaN NaN
892 NaN NaN NaN
893 NaN NaN NaN
894 NaN NaN NaN
895 NaN NaN NaN
896 NaN NaN NaN
897 NaN NaN NaN
898 NaN NaN NaN
899 NaN NaN NaN
900 NaN NaN NaN
901 NaN NaN NaN
902 NaN NaN NaN
903 NaN NaN NaN
904 NaN NaN NaN
905 NaN NaN NaN
906 NaN NaN NaN
907 NaN NaN NaN
908 NaN NaN NaN
909 NaN NaN NaN
910 NaN NaN NaN
911 NaN NaN NaN
912 NaN NaN NaN
913 NaN NaN NaN
914 NaN NaN NaN
915 NaN NaN NaN
916 NaN NaN NaN
917 NaN NaN NaN
918 NaN NaN NaN
919 NaN NaN NaN
920 NaN NaN NaN
921 NaN NaN NaN
922 NaN NaN NaN
923 NaN NaN NaN
924 NaN NaN NaN
925 NaN NaN NaN
926 NaN NaN NaN
927 NaN NaN NaN
928 NaN NaN NaN
929 NaN NaN NaN
930 NaN NaN NaN
931 NaN NaN NaN
932 NaN NaN NaN
933 NaN NaN NaN
934 NaN NaN NaN
935 NaN NaN NaN
936 NaN NaN NaN
937 NaN NaN NaN
938 NaN NaN NaN
939 NaN NaN NaN
940 NaN NaN NaN
941 NaN NaN NaN
942 NaN NaN NaN
943 NaN NaN NaN
944 NaN NaN NaN
945 NaN NaN NaN
946 NaN NaN NaN
947 NaN NaN NaN
948 NaN NaN NaN
949 NaN NaN NaN
950 NaN NaN NaN
951 NaN NaN NaN
952 NaN NaN NaN
953 NaN NaN NaN
954 NaN NaN NaN
955 NaN NaN NaN
956 NaN NaN NaN
957 NaN NaN NaN
958 NaN NaN NaN
959 NaN NaN NaN
960 NaN NaN NaN
961 NaN NaN NaN
962 NaN NaN NaN
963 NaN NaN NaN
964 NaN NaN NaN
965 NaN NaN NaN
966 NaN NaN NaN
967 NaN NaN NaN
968 NaN NaN NaN
969 NaN NaN NaN
970 NaN NaN NaN
971 NaN NaN NaN
972 NaN NaN NaN
973 NaN NaN NaN
974 NaN NaN NaN
975 NaN NaN NaN
976 NaN NaN NaN
977 NaN NaN NaN
978 NaN NaN NaN
979 NaN NaN NaN
980 NaN NaN NaN
981 NaN NaN NaN
982 NaN NaN NaN
983 NaN NaN NaN
984 NaN NaN NaN
985 NaN NaN NaN
986 NaN NaN NaN
987 NaN NaN NaN
988 NaN NaN NaN
989 NaN NaN NaN
990 NaN NaN NaN
991 NaN NaN NaN
992 NaN NaN NaN
993 NaN NaN NaN
994 NaN NaN NaN
995 NaN NaN NaN
996 NaN NaN NaN
997 NaN NaN NaN
998 NaN NaN NaN
999 NaN NaN NaN
1000 NaN NaN NaN
