0 0.75
1 1.5
2 3.9375
3 13.5
4 59.34375
5 324.0
6 2122.98046875
7 16213.5
8 141115.447265625
9 1376311.5
10 1.4850124677246094e7
11 1.75490226e8
12 2.2530628205925293e9
13 3.1217145174e10
14 4.641652455250599e11
15 7.3709524476135e12
16 1.244902947775221e14
17 2.2280288427805365e15
18 4.211869282476113e16
19 8.385809834576763e17
20 1.753906248830001e19
21 3.844527685924405e20
22 8.813173625065073e21
23 2.108787179497315e23
24 5.257426543228264e24
25 1.3634668601101113e26
26 3.672759000967803e27
27 1.026149976774513e29
28 2.9698682339547425e30
29 8.892985709906794e31
30 2.7520294973343126e33
31 8.792171127499383e34
32 2.8969949216563493e36
33 9.835689275171175e37
34 3.4378574737789093e39
35 1.236058629426517e41
36 4.567939482322638e42
37 1.7338511244213375e44
38 6.754766512949932e45
39 2.6991579875990276e47
40 1.1055855646065139e49
41 4.6391929294804525e50
42 1.9931077549474163e52
43 8.762360334897666e53
44 3.939923784140039e55
45 1.8109868042029124e57
46 8.505448122642691e58
47 4.079772918792906e60
48 1.9977552168675427e62
49 9.982385816870958e63
50 5.0878905001062135e65
51 2.64414230255672e67
52 1.4006005947649938e69
53 7.559115906177179e70
54 4.155329220209261e72
55 2.325806244928556e74
56 1.325062401727054e76
57 7.68174219462414e77
58 4.530167032028128e79
59 2.7169062522377114e81
60 1.6566091318086857e83
61 1.026675891501301e85
62 6.465487903219557e86
63 4.13632027398037e88
64 2.687606170749095e90
65 1.7731793713979889e92
66 1.1876140899083735e94
67 8.073031968822819e95
68 5.568555205381533e97
69 3.896740586226788e99
70 2.7658253272331398e101
71 1.9907923487387586e103
72 1.4528513887001202e105
73 1.0748027883627122e107
74 8.058779621378005e108
75 6.123015075072315e110
76 4.71347934534511e112
77 3.675570372574212e114
78 2.902974537871483e116
79 2.3218136489778425e118
80 1.880222194028586e120
81 1.5414249151708732e122
82 1.2790934416855626e124
83 1.074201445461475e126
84 9.128745856442703e127
85 7.849070493970012e129
86 6.82728874053181e131
87 6.00680846242493e133
88 5.345011141516613e135
89 4.8095878801023935e137
90 4.3759046387960174e139
91 4.025094302011284e141
92 3.742666448407583e143
93 3.517489175696497e145
94 3.341040883396635e147
95 3.206860067285681e149
96 3.110142250511319e151
97 3.047448065752559e153
98 3.0164971701007433e155
99 3.016030460459487e157
100 3.045728894141079e159
101 3.1061817691755103e161
102 3.198901068656551e163
103 3.3263818009104844e165
104 3.4922114888767666e167
105 3.701235371021831e169
106 3.959787775442051e171
107 4.2760048645579067e173
108 4.6602399461016054e175
109 5.125610359300543e177
110 5.688715312552966e179
111 6.370577979895333e181
112 7.197884054119095e183
113 8.204614752093519e185
114 9.434207708157378e187
115 1.0942428137914536e190
116 1.2801200591615076e192
117 1.5103746364918965e194
118 1.797150440088592e196
119 2.1563500427294683e198
120 2.608909344131207e200
121 3.182540433347656e202
122 3.914126781802806e204
123 4.853031826789518e206
124 6.065692905350902e208
125 7.642033105650395e210
126 9.704457313989942e212
127 1.2420540466722552e215
128 1.602101811611281e217
129 2.0825430737714425e219
130 2.7278873066454433e221
131 3.600493956478673e223
132 4.7882414017519474e225
133 6.415695052112225e227
134 8.660459062016744e229
135 1.177724731419844e232
136 1.6133510117374074e234
137 2.226245087489172e236
138 3.094235065791355e238
139 4.3315902201281806e240
140 6.107071266047193e242
141 8.671381996730267e244
142 1.2399146949982334e247
143 1.7853452229718877e249
144 2.5885619353894333e251
145 3.779028834151484e253
146 5.55477864581672e255
147 8.22049763174704e257
148 1.2247696708596975e260
149 1.83702950191068e262
150 2.7737283214890534e264
151 4.215787753646243e266
152 6.449733594003384e268
153 9.931948897342913e270
154 1.5393540459937127e273
155 2.4012413636257846e275
156 3.769715006236833e277
157 5.955784825580073e279
158 9.469125087712126e281
159 1.5149695270094283e284
160 2.4389570845196326e286
161 3.950880342806057e288
162 6.439564494078826e290
163 1.0560285699432848e293
164 1.7423493420474356e295
165 2.8921395398535816e297
166 4.829608459260185e299
167 8.113303078628635e301
168 1.37107489450545e304
169 2.3307041489715457e306
170 NaN
171 NaN
172 NaN
173 NaN
174 NaN
175 NaN
176 NaN
177 NaN
178 NaN
179 NaN
180 NaN
181 NaN
182 NaN
183 NaN
184 NaN
185 NaN
186 NaN
187 NaN
188 NaN
189 NaN
190 NaN
191 NaN
192 NaN
193 NaN
194 NaN
195 NaN
196 NaN
197 NaN
198 NaN
199 NaN
200 NaN
201 NaN
202 NaN
203 NaN
204 NaN
205 NaN
206 NaN
207 NaN
208 NaN
209 NaN
210 NaN
211 NaN
212 NaN
213 NaN
214 NaN
215 NaN
216 NaN
217 NaN
218 NaN
219 NaN
220 NaN
221 NaN
222 NaN
223 NaN
224 NaN
225 NaN
226 NaN
227 NaN
228 NaN
229 NaN
230 NaN
231 NaN
232 NaN
233 NaN
234 NaN
235 NaN
236 NaN
237 NaN
238 NaN
239 NaN
240 NaN
241 NaN
242 NaN
243 NaN
244 NaN
245 NaN
246 NaN
247 NaN
248 NaN
249 NaN
250 NaN
251 NaN
252 NaN
253 NaN
254 NaN
255 NaN
256 NaN
257 NaN
258 NaN
259 NaN
260 NaN
261 NaN
262 NaN
263 NaN
264 NaN
265 NaN
266 NaN
267 NaN
268 NaN
269 NaN
270 NaN
271 NaN
272 NaN
273 NaN
274 NaN
275 NaN
276 NaN
277 NaN
278 NaN
279 NaN
280 NaN
281 NaN
282 NaN
283 NaN
284 NaN
285 NaN
286 NaN
287 NaN
288 NaN
289 NaN
290 NaN
291 NaN
292 NaN
293 NaN
294 NaN
295 NaN
296 NaN
297 NaN
298 NaN
299 NaN
300 NaN
301 NaN
302 NaN
303 NaN
304 NaN
305 NaN
306 NaN
307 NaN
308 NaN
309 NaN
310 NaN
311 NaN
312 NaN
313 NaN
314 NaN
315 NaN
316 NaN
317 NaN
318 NaN
319 NaN
320 NaN
321 NaN
322 NaN
323 NaN
324 NaN
325 NaN
326 NaN
327 NaN
328 NaN
329 NaN
330 NaN
331 NaN
332 NaN
333 NaN
334 NaN
335 NaN
336 NaN
337 NaN
338 NaN
339 NaN
340 NaN
341 NaN
342 NaN
343 NaN
344 NaN
345 NaN
346 NaN
347 NaN
348 NaN
349 NaN
350 NaN
351 NaN
352 NaN
353 NaN
354 NaN
355 NaN
356 NaN
357 NaN
358 NaN
359 NaN
360 NaN
361 NaN
362 NaN
363 NaN
364 NaN
365 NaN
366 NaN
367 NaN
368 NaN
369 NaN
370 NaN
371 NaN
372 NaN
373 NaN
374 NaN
375 NaN
376 NaN
377 NaN
378 NaN
379 NaN
380 NaN
381 NaN
382 NaN
383 NaN
384 NaN
385 NaN
386 NaN
387 NaN
388 NaN
389 NaN
390 NaN
391 NaN
392 NaN
393 NaN
394 NaN
395 NaN
396 NaN
397 NaN
398 NaN
399 NaN
400 NaN
401 NaN
402 NaN
403 NaN
404 NaN
405 NaN
406 NaN
407 NaN
408 NaN
409 NaN
410 NaN
411 NaN
412 NaN
413 NaN
414 NaN
415 NaN
416 NaN
417 NaN
418 NaN
419 NaN
420 NaN
421 NaN
422 NaN
423 NaN
424 NaN
425 NaN
426 NaN
427 NaN
428 NaN
429 NaN
430 NaN
431 NaN
432 NaN
433 NaN
434 NaN
435 NaN
436 NaN
437 NaN
438 NaN
439 NaN
440 NaN
441 NaN
442 NaN
443 NaN
444 NaN
445 NaN
446 NaN
447 NaN
448 NaN
449 NaN
450 NaN
451 NaN
452 NaN
453 NaN
454 NaN
455 NaN
456 NaN
457 NaN
458 NaN
459 NaN
460 NaN
461 NaN
462 NaN
463 NaN
464 NaN
465 NaN
466 NaN
467 NaN
468 NaN
469 NaN
470 NaN
471 NaN
472 NaN
473 NaN
474 NaN
475 NaN
476 NaN
477 NaN
478 NaN
479 NaN
480 NaN
481 NaN
482 NaN
483 NaN
484 NaN
485 NaN
486 NaN
487 NaN
488 NaN
489 NaN
490 NaN
491 NaN
492 NaN
493 NaN
494 NaN
495 NaN
496 NaN
497 NaN
498 NaN
499 NaN
500 NaN
501 NaN
502 NaN
503 NaN
504 NaN
505 NaN
506 NaN
507 NaN
508 NaN
509 NaN
510 NaN
511 NaN
512 NaN
513 NaN
514 NaN
515 NaN
516 NaN
517 NaN
518 NaN
519 NaN
520 NaN
521 NaN
522 NaN
523 NaN
524 NaN
525 NaN
526 NaN
527 NaN
528 NaN
529 NaN
530 NaN
531 NaN
532 NaN
533 NaN
534 NaN
535 NaN
536 NaN
537 NaN
538 NaN
539 NaN
540 NaN
541 NaN
542 NaN
543 NaN
544 NaN
545 NaN
546 NaN
547 NaN
548 NaN
549 NaN
550 NaN
551 NaN
552 NaN
553 NaN
554 NaN
555 NaN
556 NaN
557 NaN
558 NaN
559 NaN
560 NaN
561 NaN
562 NaN
563 NaN
564 NaN
565 NaN
566 NaN
567 NaN
568 NaN
569 NaN
570 NaN
571 NaN
572 NaN
573 NaN
574 NaN
575 NaN
576 NaN
577 NaN
578 NaN
579 NaN
580 NaN
581 NaN
582 NaN
583 NaN
584 NaN
585 NaN
586 NaN
587 NaN
588 NaN
589 NaN
590 NaN
591 NaN
592 NaN
593 NaN
594 NaN
595 NaN
596 NaN
597 NaN
598 NaN
599 NaN
600 NaN
601 NaN
602 NaN
603 NaN
604 NaN
605 NaN
606 NaN
607 NaN
608 NaN
609 NaN
610 NaN
611 NaN
612 NaN
613 NaN
614 NaN
615 NaN
616 NaN
617 NaN
618 NaN
619 NaN
620 NaN
621 NaN
622 NaN
623 NaN
624 NaN
625 NaN
626 NaN
627 NaN
628 NaN
629 NaN
630 NaN
631 NaN
632 NaN
633 NaN
634 NaN
635 NaN
636 NaN
637 NaN
638 NaN
639 NaN
640 NaN
641 NaN
642 NaN
643 NaN
644 NaN
645 NaN
646 NaN
647 NaN
648 NaN
649 NaN
650 NaN
651 NaN
652 NaN
653 NaN
654 NaN
655 NaN
656 NaN
657 NaN
658 NaN
659 NaN
660 NaN
661 NaN
662 NaN
663 NaN
664 NaN
665 NaN
666 NaN
667 NaN
668 NaN
669 NaN
670 NaN
671 NaN
672 NaN
673 NaN
674 NaN
675 NaN
676 NaN
677 NaN
678 NaN
679 NaN
680 NaN
681 NaN
682 NaN
683 NaN
684 NaN
685 NaN
686 NaN
687 NaN
688 NaN
689 NaN
690 NaN
691 NaN
692 NaN
693 NaN
694 NaN
695 NaN
696 NaN
697 NaN
698 NaN
699 NaN
700 NaN
701 NaN
702 NaN
703 NaN
704 NaN
705 NaN
706 NaN
707 NaN
708 NaN
709 NaN
710 NaN
711 NaN
712 NaN
713 NaN
714 NaN
715 NaN
716 NaN
717 NaN
718 NaN
719 NaN
720 NaN
721 NaN
722 NaN
723 NaN
724 NaN
725 NaN
726 NaN
727 NaN
728 NaN
729 NaN
730 NaN
731 NaN
732 NaN
733 NaN
734 NaN
735 NaN
736 NaN
737 NaN
738 NaN
739 NaN
740 NaN
741 NaN
742 NaN
743 NaN
744 NaN
745 NaN
746 NaN
747 NaN
748 NaN
749 NaN
750 NaN
751 NaN
752 NaN
753 NaN
754 NaN
755 NaN
756 NaN
757 NaN
758 NaN
759 NaN
760 NaN
761 NaN
762 NaN
763 NaN
764 NaN
765 NaN
766 NaN
767 NaN
768 NaN
769 NaN
770 NaN
771 NaN
772 NaN
773 NaN
774 NaN
775 NaN
776 NaN
777 NaN
778 NaN
779 NaN
780 NaN
781 NaN
782 NaN
783 NaN
784 NaN
785 NaN
786 NaN
787 NaN
788 NaN
789 NaN
790 NaN
791 NaN
792 NaN
793 NaN
794 NaN
795 NaN
796 NaN
797 NaN
798 NaN
799 NaN
800 NaN
801 NaN
802 NaN
803 NaN
804 NaN
805 NaN
806 NaN
807 NaN
808 NaN
809 NaN
810 NaN
811 NaN
812 NaN
813 NaN
814 NaN
815 NaN
816 NaN
817 NaN
818 NaN
819 NaN
820 NaN
821 NaN
822 NaN
823 NaN
824 NaN
825 NaN
826 NaN
827 NaN
828 NaN
829 NaN
830 NaN
831 NaN
832 NaN
833 NaN
834 NaN
835 NaN
836 NaN
837 NaN
838 NaN
839 NaN
840 NaN
841 NaN
842 NaN
843 NaN
844 NaN
845 NaN
846 NaN
847 NaN
848 NaN
849 NaN
850 NaN
851 NaN
852 NaN
853 NaN
854 NaN
855 NaN
856 NaN
857 NaN
858 NaN
859 NaN
860 NaN
861 NaN
862 NaN
863 NaN
864 NaN
865 NaN
866 NaN
867 NaN
868 NaN
869 NaN
870 NaN
871 NaN
872 NaN
873 NaN
874 NaN
875 NaN
876 NaN
877 NaN
878 NaN
879 NaN
880 NaN
881 NaN
882 NaN
883 NaN
884 NaN
885 NaN
886 NaN
887 NaN
888 NaN
889 NaN
890 NaN
891 NaN
892 NaN
893 NaN
894 NaN
895 NaN
896 NaN
897 NaN
898 NaN
899 NaN
900 NaN
901 NaN
902 NaN
903 NaN
904 NaN
905 NaN
906 NaN
907 NaN
908 NaN
909 NaN
910 NaN
911 NaN
912 NaN
913 NaN
914 NaN
915 NaN
916 NaN
917 NaN
918 NaN
919 NaN
920 NaN
921 NaN
922 NaN
923 NaN
924 NaN
925 NaN
926 NaN
927 NaN
928 NaN
929 NaN
930 NaN
931 NaN
932 NaN
933 NaN
934 NaN
935 NaN
936 NaN
937 NaN
938 NaN
939 NaN
940 NaN
941 NaN
942 NaN
943 NaN
944 NaN
945 NaN
946 NaN
947 NaN
948 NaN
949 NaN
950 NaN
951 NaN
952 NaN
953 NaN
954 NaN
955 NaN
956 NaN
957 NaN
958 NaN
959 NaN
960 NaN
961 NaN
962 NaN
963 NaN
964 NaN
965 NaN
966 NaN
967 NaN
968 NaN
969 NaN
970 NaN
971 NaN
972 NaN
973 NaN
974 NaN
975 NaN
976 NaN
977 NaN
978 NaN
979 NaN
980 NaN
981 NaN
982 NaN
983 NaN
984 NaN
985 NaN
986 NaN
987 NaN
988 NaN
989 NaN
990 NaN
991 NaN
992 NaN
993 NaN
994 NaN
995 NaN
996 NaN
997 NaN
998 NaN
999 NaN
1000 NaN
