0 0.2651650429449553
1 0.18749999999999997
2 0.17401455943262686
3 0.21093749999999986
4 0.3278310003596808
5 0.6328124999999994
6 1.4659901228317567
7 3.9583740234374956
8 12.180626183068352
9 42.00169372558587
10 160.22680451578347
11 669.442085266112
12 3038.7039163213044
13 14885.494791984527
14 78252.40914866635
15 439343.00229629764
16 2623436.7975323764
17 1.6600108465407271e7
18 1.109481353726301e8
19 7.809894005373807e8
20 5.7751266384178295e9
21 4.475619278294491e10
22 3.627416930427961e11
23 3.068689227071165e12
24 2.7048823251293223e13
25 2.4801317706262234e14
26 2.361987567608824e15
27 2.3331949177520724e16
28 2.3874394713174125e17
29 2.5275385581570483e18
30 2.765402086297526e19
31 3.123606663102173e20
32 3.6388399034702443e21
33 4.36792347854148e22
34 5.397754093609891e23
35 6.86150375087963e24
36 8.965109166148254e25
37 1.2031008997529845e27
38 1.6571262440863012e28
39 2.3411463632291606e29
40 3.3903741355826577e30
41 5.0298230527220675e31
42 7.640047498503584e32
43 1.1875212638996001e34
44 1.8878310001425406e35
45 3.067930980405259e36
46 5.09427641108981e37
47 8.639255198833528e38
48 1.4956762315272697e40
49 2.642315524716773e41
50 4.761492314830737e42
51 8.748732998024897e43
52 1.6384366389129385e45
53 3.126377062815463e46
54 6.076182305811756e47
55 1.202413646474778e49
56 2.421986409738941e50
57 4.964209542205924e51
58 1.0350458751149074e53
59 2.1946993925538304e54
60 4.731245107613125e55
61 1.0366777256170225e57
62 2.3081642663228452e58
63 5.22077016898584e59
64 1.1993365037043007e61
65 2.7975837680804597e62
66 6.624617037657698e63
67 1.5921248267009194e65
68 3.882737035769132e66
69 9.606207207069659e67
70 2.4106280795551086e69
71 6.134602555988697e70
72 1.5828387274390612e72
73 4.139989748837249e73
74 1.0974753319424576e75
75 2.9481245207540285e76
76 8.023744835095764e77
77 2.2121534510134858e79
78 6.177158434369723e80
79 1.7467384499427252e82
80 5.001090361288851e83
81 1.449549024000053e85
82 4.252730011589386e86
83 1.2627177307850859e88
84 3.793906899865266e89
85 1.1533172531084439e91
86 3.546776614691739e92
87 1.1032764709456155e94
88 3.470916721569847e95
89 1.1042272232116488e97
90 3.5520039576761626e98
91 1.1551454134622043e100
92 3.797490786003283e101
93 1.2618373581267485e103
94 4.2374775261355624e104
95 1.4380057880294246e106
96 4.930782931720644e107
97 1.7081537178594576e109
98 5.9778989037684187e110
99 2.1131794262993496e112
100 7.544785553724586e113
101 2.7204298394120826e115
102 9.90527366742221e116
103 3.6416044604482977e118
104 1.3516872575699768e120
105 5.064976017106951e121
106 1.9158328095945037e123
107 7.314403137390578e124
108 2.818408806115774e126
109 1.0959640388817029e128
110 4.3005096083617404e129
111 1.7027056007554435e131
112 6.801748688826811e132
113 2.741125596162134e134
114 1.1143745409520299e136
115 4.569771214021468e137
116 1.8901073193169736e139
117 7.884523491081655e140
118 3.316883420831356e142
119 1.4070840568391189e144
120 6.018867394856371e145
121 2.5958806636636363e147
122 1.1287576032165776e149
123 4.948048478545025e150
124 2.186533985537562e152
125 9.739568900174285e153
126 4.372774483340341e155
127 1.9787062549428658e157
128 9.02372705507683e158
129 4.1471031567626775e160
130 1.920579447087417e162
131 8.962371559605241e163
132 4.213974492959646e165
133 1.99624841636959e167
134 9.527233101516874e168
135 4.580624372962791e170
136 2.218527195458361e172
137 1.082340405602201e174
138 5.318623003191442e175
139 2.6323781364542057e177
140 1.312166376628409e179
141 6.587175615945003e180
142 3.3301035426536186e182
143 1.695286651429786e184
144 8.690294689417058e185
145 4.485503038483045e187
146 2.33105603475574e189
147 1.2196608150954753e191
148 6.424663597066537e192
149 3.4069605637406023e194
150 1.8187370041089725e196
151 9.773266166135641e197
152 5.286372615866608e199
153 2.878097338932555e201
154 1.5771192244340393e203
155 8.697948471919551e204
156 4.827747410063546e206
157 2.6966838021498943e208
158 1.515848812248976e210
159 8.57442365674936e211
160 4.8804537978024774e213
161 2.7951487861949772e215
162 1.6107292944389236e217
163 9.338921706521949e218
164 5.447676486823603e220
165 3.1970565825316136e222
166 1.8875480227431747e224
167 1.1210856468096303e226
168 6.6981871511614255e227
169 4.0256707765151467e229
170 2.4336980335997967e231
171 1.47988418583674e233
172 9.051210898617837e234
173 5.567869410291542e236
174 3.4447717368464947e238
175 2.1434172640262858e240
176 1.341262681804168e242
177 8.440495317341417e243
178 5.341402298753067e245
179 3.399087543376039e247
180 2.1750823686629495e249
181 1.3995296465350167e251
182 9.054582265803762e252
183 5.890086661055019e254
184 3.8523795470901475e256
185 2.5332489851926072e258
186 1.6747714716381193e260
187 1.1131397120984692e262
188 7.437859210371794e263
189 4.9961816849967e265
190 3.3737154650901604e267
191 2.2900593213434012e269
192 1.5625764699075137e271
193 1.0717177732850943e273
194 7.388438262246381e274
195 5.119723454180943e276
196 3.565748330962885e278
197 2.4960541887619607e280
198 1.7560844130453822e282
199 1.2416919166160246e284
200 8.823655562740602e285
201 6.301424173348377e287
202 4.522449348771957e289
203 3.261692357018858e291
204 2.363938260956558e293
205 1.7216417136498714e295
206 1.2599482271161785e297
207 9.265220544699377e298
208 6.846079236308035e300
209 5.0827790902595536e302
210 3.7916116697478106e304
211 2.841842561332026e306
212 NaN
213 NaN
214 NaN
215 NaN
216 NaN
217 NaN
218 NaN
219 NaN
220 NaN
221 NaN
222 NaN
223 NaN
224 NaN
225 NaN
226 NaN
227 NaN
228 NaN
229 NaN
230 NaN
231 NaN
232 NaN
233 NaN
234 NaN
235 NaN
236 NaN
237 NaN
238 NaN
239 NaN
240 NaN
241 NaN
242 NaN
243 NaN
244 NaN
245 NaN
246 NaN
247 NaN
248 NaN
249 NaN
250 NaN
251 NaN
252 NaN
253 NaN
254 NaN
255 NaN
256 NaN
257 NaN
258 NaN
259 NaN
260 NaN
261 NaN
262 NaN
263 NaN
264 NaN
265 NaN
266 NaN
267 NaN
268 NaN
269 NaN
270 NaN
271 NaN
272 NaN
273 NaN
274 NaN
275 NaN
276 NaN
277 NaN
278 NaN
279 NaN
280 NaN
281 NaN
282 NaN
283 NaN
284 NaN
285 NaN
286 NaN
287 NaN
288 NaN
289 NaN
290 NaN
291 NaN
292 NaN
293 NaN
294 NaN
295 NaN
296 NaN
297 NaN
298 NaN
299 NaN
300 NaN
301 NaN
302 NaN
303 NaN
304 NaN
305 NaN
306 NaN
307 NaN
308 NaN
309 NaN
310 NaN
311 NaN
312 NaN
313 NaN
314 NaN
315 NaN
316 NaN
317 NaN
318 NaN
319 NaN
320 NaN
321 NaN
322 NaN
323 NaN
324 NaN
325 NaN
326 NaN
327 NaN
328 NaN
329 NaN
330 NaN
331 NaN
332 NaN
333 NaN
334 NaN
335 NaN
336 NaN
337 NaN
338 NaN
339 NaN
340 NaN
341 NaN
342 NaN
343 NaN
344 NaN
345 NaN
346 NaN
347 NaN
348 NaN
349 NaN
350 NaN
351 NaN
352 NaN
353 NaN
354 NaN
355 NaN
356 NaN
357 NaN
358 NaN
359 NaN
360 NaN
361 NaN
362 NaN
363 NaN
364 NaN
365 NaN
366 NaN
367 NaN
368 NaN
369 NaN
370 NaN
371 NaN
372 NaN
373 NaN
374 NaN
375 NaN
376 NaN
377 NaN
378 NaN
379 NaN
380 NaN
381 NaN
382 NaN
383 NaN
384 NaN
385 NaN
386 NaN
387 NaN
388 NaN
389 NaN
390 NaN
391 NaN
392 NaN
393 NaN
394 NaN
395 NaN
396 NaN
397 NaN
398 NaN
399 NaN
400 NaN
401 NaN
402 NaN
403 NaN
404 NaN
405 NaN
406 NaN
407 NaN
408 NaN
409 NaN
410 NaN
411 NaN
412 NaN
413 NaN
414 NaN
415 NaN
416 NaN
417 NaN
418 NaN
419 NaN
420 NaN
421 NaN
422 NaN
423 NaN
424 NaN
425 NaN
426 NaN
427 NaN
428 NaN
429 NaN
430 NaN
431 NaN
432 NaN
433 NaN
434 NaN
435 NaN
436 NaN
437 NaN
438 NaN
439 NaN
440 NaN
441 NaN
442 NaN
443 NaN
444 NaN
445 NaN
446 NaN
447 NaN
448 NaN
449 NaN
450 NaN
451 NaN
452 NaN
453 NaN
454 NaN
455 NaN
456 NaN
457 NaN
458 NaN
459 NaN
460 NaN
461 NaN
462 NaN
463 NaN
464 NaN
465 NaN
466 NaN
467 NaN
468 NaN
469 NaN
470 NaN
471 NaN
472 NaN
473 NaN
474 NaN
475 NaN
476 NaN
477 NaN
478 NaN
479 NaN
480 NaN
481 NaN
482 NaN
483 NaN
484 NaN
485 NaN
486 NaN
487 NaN
488 NaN
489 NaN
490 NaN
491 NaN
492 NaN
493 NaN
494 NaN
495 NaN
496 NaN
497 NaN
498 NaN
499 NaN
500 NaN
501 NaN
502 NaN
503 NaN
504 NaN
505 NaN
506 NaN
507 NaN
508 NaN
509 NaN
510 NaN
511 NaN
512 NaN
513 NaN
514 NaN
515 NaN
516 NaN
517 NaN
518 NaN
519 NaN
520 NaN
521 NaN
522 NaN
523 NaN
524 NaN
525 NaN
526 NaN
527 NaN
528 NaN
529 NaN
530 NaN
531 NaN
532 NaN
533 NaN
534 NaN
535 NaN
536 NaN
537 NaN
538 NaN
539 NaN
540 NaN
541 NaN
542 NaN
543 NaN
544 NaN
545 NaN
546 NaN
547 NaN
548 NaN
549 NaN
550 NaN
551 NaN
552 NaN
553 NaN
554 NaN
555 NaN
556 NaN
557 NaN
558 NaN
559 NaN
560 NaN
561 NaN
562 NaN
563 NaN
564 NaN
565 NaN
566 NaN
567 NaN
568 NaN
569 NaN
570 NaN
571 NaN
572 NaN
573 NaN
574 NaN
575 NaN
576 NaN
577 NaN
578 NaN
579 NaN
580 NaN
581 NaN
582 NaN
583 NaN
584 NaN
585 NaN
586 NaN
587 NaN
588 NaN
589 NaN
590 NaN
591 NaN
592 NaN
593 NaN
594 NaN
595 NaN
596 NaN
597 NaN
598 NaN
599 NaN
600 NaN
601 NaN
602 NaN
603 NaN
604 NaN
605 NaN
606 NaN
607 NaN
608 NaN
609 NaN
610 NaN
611 NaN
612 NaN
613 NaN
614 NaN
615 NaN
616 NaN
617 NaN
618 NaN
619 NaN
620 NaN
621 NaN
622 NaN
623 NaN
624 NaN
625 NaN
626 NaN
627 NaN
628 NaN
629 NaN
630 NaN
631 NaN
632 NaN
633 NaN
634 NaN
635 NaN
636 NaN
637 NaN
638 NaN
639 NaN
640 NaN
641 NaN
642 NaN
643 NaN
644 NaN
645 NaN
646 NaN
647 NaN
648 NaN
649 NaN
650 NaN
651 NaN
652 NaN
653 NaN
654 NaN
655 NaN
656 NaN
657 NaN
658 NaN
659 NaN
660 NaN
661 NaN
662 NaN
663 NaN
664 NaN
665 NaN
666 NaN
667 NaN
668 NaN
669 NaN
670 NaN
671 NaN
672 NaN
673 NaN
674 NaN
675 NaN
676 NaN
677 NaN
678 NaN
679 NaN
680 NaN
681 NaN
682 NaN
683 NaN
684 NaN
685 NaN
686 NaN
687 NaN
688 NaN
689 NaN
690 NaN
691 NaN
692 NaN
693 NaN
694 NaN
695 NaN
696 NaN
697 NaN
698 NaN
699 NaN
700 NaN
701 NaN
702 NaN
703 NaN
704 NaN
705 NaN
706 NaN
707 NaN
708 NaN
709 NaN
710 NaN
711 NaN
712 NaN
713 NaN
714 NaN
715 NaN
716 NaN
717 NaN
718 NaN
719 NaN
720 NaN
721 NaN
722 NaN
723 NaN
724 NaN
725 NaN
726 NaN
727 NaN
728 NaN
729 NaN
730 NaN
731 NaN
732 NaN
733 NaN
734 NaN
735 NaN
736 NaN
737 NaN
738 NaN
739 NaN
740 NaN
741 NaN
742 NaN
743 NaN
744 NaN
745 NaN
746 NaN
747 NaN
748 NaN
749 NaN
750 NaN
751 NaN
752 NaN
753 NaN
754 NaN
755 NaN
756 NaN
757 NaN
758 NaN
759 NaN
760 NaN
761 NaN
762 NaN
763 NaN
764 NaN
765 NaN
766 NaN
767 NaN
768 NaN
769 NaN
770 NaN
771 NaN
772 NaN
773 NaN
774 NaN
775 NaN
776 NaN
777 NaN
778 NaN
779 NaN
780 NaN
781 NaN
782 NaN
783 NaN
784 NaN
785 NaN
786 NaN
787 NaN
788 NaN
789 NaN
790 NaN
791 NaN
792 NaN
793 NaN
794 NaN
795 NaN
796 NaN
797 NaN
798 NaN
799 NaN
800 NaN
801 NaN
802 NaN
803 NaN
804 NaN
805 NaN
806 NaN
807 NaN
808 NaN
809 NaN
810 NaN
811 NaN
812 NaN
813 NaN
814 NaN
815 NaN
816 NaN
817 NaN
818 NaN
819 NaN
820 NaN
821 NaN
822 NaN
823 NaN
824 NaN
825 NaN
826 NaN
827 NaN
828 NaN
829 NaN
830 NaN
831 NaN
832 NaN
833 NaN
834 NaN
835 NaN
836 NaN
837 NaN
838 NaN
839 NaN
840 NaN
841 NaN
842 NaN
843 NaN
844 NaN
845 NaN
846 NaN
847 NaN
848 NaN
849 NaN
850 NaN
851 NaN
852 NaN
853 NaN
854 NaN
855 NaN
856 NaN
857 NaN
858 NaN
859 NaN
860 NaN
861 NaN
862 NaN
863 NaN
864 NaN
865 NaN
866 NaN
867 NaN
868 NaN
869 NaN
870 NaN
871 NaN
872 NaN
873 NaN
874 NaN
875 NaN
876 NaN
877 NaN
878 NaN
879 NaN
880 NaN
881 NaN
882 NaN
883 NaN
884 NaN
885 NaN
886 NaN
887 NaN
888 NaN
889 NaN
890 NaN
891 NaN
892 NaN
893 NaN
894 NaN
895 NaN
896 NaN
897 NaN
898 NaN
899 NaN
900 NaN
901 NaN
902 NaN
903 NaN
904 NaN
905 NaN
906 NaN
907 NaN
908 NaN
909 NaN
910 NaN
911 NaN
912 NaN
913 NaN
914 NaN
915 NaN
916 NaN
917 NaN
918 NaN
919 NaN
920 NaN
921 NaN
922 NaN
923 NaN
924 NaN
925 NaN
926 NaN
927 NaN
928 NaN
929 NaN
930 NaN
931 NaN
932 NaN
933 NaN
934 NaN
935 NaN
936 NaN
937 NaN
938 NaN
939 NaN
940 NaN
941 NaN
942 NaN
943 NaN
944 NaN
945 NaN
946 NaN
947 NaN
948 NaN
949 NaN
950 NaN
951 NaN
952 NaN
953 NaN
954 NaN
955 NaN
956 NaN
957 NaN
958 NaN
959 NaN
960 NaN
961 NaN
962 NaN
963 NaN
964 NaN
965 NaN
966 NaN
967 NaN
968 NaN
969 NaN
970 NaN
971 NaN
972 NaN
973 NaN
974 NaN
975 NaN
976 NaN
977 NaN
978 NaN
979 NaN
980 NaN
981 NaN
982 NaN
983 NaN
984 NaN
985 NaN
986 NaN
987 NaN
988 NaN
989 NaN
990 NaN
991 NaN
992 NaN
993 NaN
994 NaN
995 NaN
996 NaN
997 NaN
998 NaN
999 NaN
1000 NaN
