0 8.38525491562421e-2
1 1.8749999999999992e-2
2 5.502823538378387e-3
3 2.1093749999999993e-3
4 1.036692648748071e-3
5 6.328124999999996e-4
6 4.6358678154583634e-4
7 3.958374023437496e-4
8 3.8518522065579097e-4
9 4.2001693725585886e-4
10 5.066816444804283e-4
11 6.694420852661122e-4
12 9.60922551044903e-4
13 1.4885494791984533e-3
14 2.4745584530518343e-3
15 4.393430022962979e-3
16 8.296035577700315e-3
17 1.6600108465407278e-2
18 3.508488099262055e-2
19 7.809894005373812e-2
20 0.18262553953312022
21 0.44756192782944926
22 1.14708995232089
23 3.0686892270711663
24 8.553588950140762
25 24.801317706262243
26 74.69260518644838
27 233.31949177520733
28 754.9746505151262
29 2527.5385581570486
30 8744.969238881695
31 31236.066631021728
32 115070.22135673215
33 436792.34785414796
34 1706919.7185304977
35 6861503.7508796295
36 2.8350164437081385e7
37 1.2031008997529845e8
38 5.240293301752844e8
39 2.3411463632291613e9
40 1.0721304388565722e10
41 5.0298230527220695e10
42 2.415995152714321e11
43 1.1875212638996008e12
44 5.969845797924089e12
45 3.06793098040526e13
46 1.610951648951206e14
47 8.63925519883353e14
48 4.729743533803514e15
49 2.6423155247167736e16
50 1.5057160776252666e17
51 8.748732998024899e17
52 5.181191580835753e18
53 3.1263770628154642e19
54 1.9214575564778917e20
55 1.2024136464747782e21
56 7.658993516748874e21
57 4.964209542205925e22
58 3.273102448125302e23
59 2.19469939255383e24
60 1.4961510708585923e25
61 1.0366777256170223e26
62 7.29905629539167e26
63 5.220770168985838e27
64 3.7926350326885593e28
65 2.7975837680804587e29
66 2.0948878465355762e30
67 1.5921248267009195e31
68 1.227829258852112e32
69 9.606207207069659e32
70 7.62307532295172e33
71 6.1346025559886955e34
72 5.005375547429888e35
73 4.1399897488372465e36
74 3.4705217247875086e37
75 2.9481245207540274e38
76 2.5373309042914742e39
77 2.2121534510134842e40
78 1.9533890120328043e41
79 1.746738449942724e42
80 1.5814836325987135e43
81 1.4495490240000522e44
82 1.3448313110376725e45
83 1.2627177307850855e46
84 1.1997387034202598e47
85 1.1533172531084433e48
86 1.1215892454247313e49
87 1.103276470945615e50
88 1.0976002408925192e51
89 1.1042272232116484e52
90 1.1232422764188993e53
91 1.1551454134622037e54
92 1.2008720277273434e55
93 1.261837358126748e56
94 1.3400080516364049e57
95 1.4380057880294236e58
96 1.559250471211973e59
97 1.7081537178594563e60
98 1.8903776158131896e61
99 2.113179426299348e62
100 2.3858706807304356e63
101 2.7204298394120804e64
102 3.132322563634335e65
103 3.641604460448296e66
104 4.274410418147799e67
105 5.06497601710695e68
106 6.058395294398319e69
107 7.314403137390577e70
108 8.912591204801743e71
109 1.0959640388817025e73
110 1.3599405461861797e74
111 1.7027056007554433e75
112 2.1509017928756592e76
113 2.741125596162134e77
114 3.523961715912998e78
115 4.5697712140214693e79
116 5.977044151196809e80
117 7.884523491081657e81
118 1.048890634307787e83
119 1.407084056839119e84
120 1.9033329902270152e85
121 2.595880663663636e86
122 3.569444952396987e87
123 4.9480484785450254e88
124 6.914427575664362e89
125 9.739568900174282e90
126 1.3827927061621483e92
127 1.9787062549428654e93
128 2.853553047772645e94
129 4.1471031567626767e95
130 6.073405480103075e96
131 8.96237155960524e97
132 1.3325757399605663e99
133 1.9962484163695902e100
134 3.012775640014352e101
135 4.580624372962793e102
136 7.015598988673985e103
137 1.0823404056022019e105
138 1.681896270584996e106
139 2.6323781364542077e107
140 4.149434419236109e108
141 6.587175615945008e109
142 1.0530712038981125e111
143 1.6952866514297877e112
144 2.7481124756623495e113
145 4.48550303848305e114
146 7.3714464233087695e115
147 1.2196608150954762e117
148 2.031657016710055e118
149 3.4069605637406045e119
150 5.751351397815373e120
151 9.773266166135646e121
152 1.671697802648086e123
153 2.878097338932557e124
154 4.987288890849845e125
155 8.697948471919554e126
156 1.5266677783779713e128
157 2.696683802149896e129
158 4.793534835167712e130
159 8.574423656749365e131
160 1.5433350016274713e133
161 2.79514878619498e134
162 5.093573264382989e135
163 9.338921706521957e136
164 1.7227065654106858e138
165 3.197056582531617e139
166 5.968950944815744e140
167 1.1210856468096316e142
168 2.1181527591744678e143
169 4.0256707765151515e144
170 7.696028923248361e145
171 1.479884185836742e147
172 2.8622442022171785e148
173 5.567869410291549e149
174 1.0893324707809111e151
175 2.1434172640262885e152
176 4.2414450150868545e153
177 8.440495317341424e154
178 1.6890997163318863e156
179 3.3990875433760406e157
180 6.878214383448972e158
181 1.3995296465350177e160
182 2.8633103221308046e161
183 5.8900866610550234e162
184 1.2182293780252763e164
185 2.5332489851926093e165
186 5.296092410648549e166
187 1.1131397120984698e168
188 2.3520576020436357e169
189 4.996181684996703e170
190 1.0668625047019196e172
191 2.290059321343403e173
192 4.941300663093301e174
193 1.071717773285095e176
194 2.336429326023503e177
195 5.119723454180945e178
196 1.1275886288786623e180
197 2.496054188761962e181
198 5.553226508743316e182
199 1.2416919166160253e184
200 2.790284886707507e185
201 6.301424173348381e186
202 1.4301240544864606e188
203 3.26169235701886e189
204 7.475429152640217e190
205 1.7216417136498725e192
206 3.98430613157825e193
207 9.265220544699385e194
208 2.1649203428719515e196
209 5.082779090259558e197
210 1.1990128879277238e199
211 2.841842561332028e200
212 6.76737213012084e201
213 1.6191027463747085e203
214 3.8918274940047045e204
215 9.39827564534336e205
216 2.2800737196892164e207
217 5.557077946104973e208
218 1.3606042925075616e210
219 3.3465388944642462e211
220 8.268555273704051e212
221 2.0522214101139932e214
222 5.1164743788535175e215
223 1.2813290358158103e217
224 3.2231843741820983e218
225 8.143960662104292e219
226 2.0668250565683855e221
227 5.268425842822798e222
228 1.34883482907846e224
229 3.4683996637712947e225
230 8.957436780427625e226
231 2.323349150650447e228
232 6.052199708352934e229
233 1.5833322627887846e231
234 4.1599008563861126e232
235 1.0975849450275986e234
236 2.9082366700400205e235
237 7.738380156709823e236
238 2.06771852109478e238
239 5.548124678155274e239
240 1.4948819655289463e241
241 4.044510904929404e242
242 1.0987935960475971e244
243 2.997435684030779e245
244 8.210317947730935e246
245 2.258079305254825e248
246 6.235630035152818e249
247 1.7289256005454415e251
248 4.813046112681557e252
249 1.3452546042399544e254
250 3.77505035409711e255
251 1.063574493016711e257
252 3.0083831026684966e258
253 8.543024362569707e259
254 2.4355480012281795e261
255 6.97078368703078e262
256 2.0029022557582067e264
257 5.77729528506528e265
258 1.6728981856484413e267
259 4.862819108586644e268
260 1.418972417066135e270
261 4.156431718964672e271
262 1.2221425868696497e273
263 3.607209417137308e274
264 1.0687173330114898e276
265 3.1782655723522735e277
266 9.487399944780536e278
267 2.8426790965884085e280
268 8.549210639464122e281
269 2.580689477447425e283
270 7.818997569674282e284
271 2.377749421203254e286
272 7.257297049258013e287
273 2.2231649924622477e289
274 6.835191485505962e290
275 2.109143494934761e292
276 6.531791596156726e293
277 2.0301288375327194e295
278 6.332487623014285e296
279 1.9823438494456477e298
280 6.227761527566817e299
281 1.9634859984108146e301
282 6.2124231443808135e302
283 1.9725417857887744e304
284 6.28518365420405e305
285 2.0096987518994287e307
286 NaN
287 NaN
288 NaN
289 NaN
290 NaN
291 NaN
292 NaN
293 NaN
294 NaN
295 NaN
296 NaN
297 NaN
298 NaN
299 NaN
300 NaN
301 NaN
302 NaN
303 NaN
304 NaN
305 NaN
306 NaN
307 NaN
308 NaN
309 NaN
310 NaN
311 NaN
312 NaN
313 NaN
314 NaN
315 NaN
316 NaN
317 NaN
318 NaN
319 NaN
320 NaN
321 NaN
322 NaN
323 NaN
324 NaN
325 NaN
326 NaN
327 NaN
328 NaN
329 NaN
330 NaN
331 NaN
332 NaN
333 NaN
334 NaN
335 NaN
336 NaN
337 NaN
338 NaN
339 NaN
340 NaN
341 NaN
342 NaN
343 NaN
344 NaN
345 NaN
346 NaN
347 NaN
348 NaN
349 NaN
350 NaN
351 NaN
352 NaN
353 NaN
354 NaN
355 NaN
356 NaN
357 NaN
358 NaN
359 NaN
360 NaN
361 NaN
362 NaN
363 NaN
364 NaN
365 NaN
366 NaN
367 NaN
368 NaN
369 NaN
370 NaN
371 NaN
372 NaN
373 NaN
374 NaN
375 NaN
376 NaN
377 NaN
378 NaN
379 NaN
380 NaN
381 NaN
382 NaN
383 NaN
384 NaN
385 NaN
386 NaN
387 NaN
388 NaN
389 NaN
390 NaN
391 NaN
392 NaN
393 NaN
394 NaN
395 NaN
396 NaN
397 NaN
398 NaN
399 NaN
400 NaN
401 NaN
402 NaN
403 NaN
404 NaN
405 NaN
406 NaN
407 NaN
408 NaN
409 NaN
410 NaN
411 NaN
412 NaN
413 NaN
414 NaN
415 NaN
416 NaN
417 NaN
418 NaN
419 NaN
420 NaN
421 NaN
422 NaN
423 NaN
424 NaN
425 NaN
426 NaN
427 NaN
428 NaN
429 NaN
430 NaN
431 NaN
432 NaN
433 NaN
434 NaN
435 NaN
436 NaN
437 NaN
438 NaN
439 NaN
440 NaN
441 NaN
442 NaN
443 NaN
444 NaN
445 NaN
446 NaN
447 NaN
448 NaN
449 NaN
450 NaN
451 NaN
452 NaN
453 NaN
454 NaN
455 NaN
456 NaN
457 NaN
458 NaN
459 NaN
460 NaN
461 NaN
462 NaN
463 NaN
464 NaN
465 NaN
466 NaN
467 NaN
468 NaN
469 NaN
470 NaN
471 NaN
472 NaN
473 NaN
474 NaN
475 NaN
476 NaN
477 NaN
478 NaN
479 NaN
480 NaN
481 NaN
482 NaN
483 NaN
484 NaN
485 NaN
486 NaN
487 NaN
488 NaN
489 NaN
490 NaN
491 NaN
492 NaN
493 NaN
494 NaN
495 NaN
496 NaN
497 NaN
498 NaN
499 NaN
500 NaN
501 NaN
502 NaN
503 NaN
504 NaN
505 NaN
506 NaN
507 NaN
508 NaN
509 NaN
510 NaN
511 NaN
512 NaN
513 NaN
514 NaN
515 NaN
516 NaN
517 NaN
518 NaN
519 NaN
520 NaN
521 NaN
522 NaN
523 NaN
524 NaN
525 NaN
526 NaN
527 NaN
528 NaN
529 NaN
530 NaN
531 NaN
532 NaN
533 NaN
534 NaN
535 NaN
536 NaN
537 NaN
538 NaN
539 NaN
540 NaN
541 NaN
542 NaN
543 NaN
544 NaN
545 NaN
546 NaN
547 NaN
548 NaN
549 NaN
550 NaN
551 NaN
552 NaN
553 NaN
554 NaN
555 NaN
556 NaN
557 NaN
558 NaN
559 NaN
560 NaN
561 NaN
562 NaN
563 NaN
564 NaN
565 NaN
566 NaN
567 NaN
568 NaN
569 NaN
570 NaN
571 NaN
572 NaN
573 NaN
574 NaN
575 NaN
576 NaN
577 NaN
578 NaN
579 NaN
580 NaN
581 NaN
582 NaN
583 NaN
584 NaN
585 NaN
586 NaN
587 NaN
588 NaN
589 NaN
590 NaN
591 NaN
592 NaN
593 NaN
594 NaN
595 NaN
596 NaN
597 NaN
598 NaN
599 NaN
600 NaN
601 NaN
602 NaN
603 NaN
604 NaN
605 NaN
606 NaN
607 NaN
608 NaN
609 NaN
610 NaN
611 NaN
612 NaN
613 NaN
614 NaN
615 NaN
616 NaN
617 NaN
618 NaN
619 NaN
620 NaN
621 NaN
622 NaN
623 NaN
624 NaN
625 NaN
626 NaN
627 NaN
628 NaN
629 NaN
630 NaN
631 NaN
632 NaN
633 NaN
634 NaN
635 NaN
636 NaN
637 NaN
638 NaN
639 NaN
640 NaN
641 NaN
642 NaN
643 NaN
644 NaN
645 NaN
646 NaN
647 NaN
648 NaN
649 NaN
650 NaN
651 NaN
652 NaN
653 NaN
654 NaN
655 NaN
656 NaN
657 NaN
658 NaN
659 NaN
660 NaN
661 NaN
662 NaN
663 NaN
664 NaN
665 NaN
666 NaN
667 NaN
668 NaN
669 NaN
670 NaN
671 NaN
672 NaN
673 NaN
674 NaN
675 NaN
676 NaN
677 NaN
678 NaN
679 NaN
680 NaN
681 NaN
682 NaN
683 NaN
684 NaN
685 NaN
686 NaN
687 NaN
688 NaN
689 NaN
690 NaN
691 NaN
692 NaN
693 NaN
694 NaN
695 NaN
696 NaN
697 NaN
698 NaN
699 NaN
700 NaN
701 NaN
702 NaN
703 NaN
704 NaN
705 NaN
706 NaN
707 NaN
708 NaN
709 NaN
710 NaN
711 NaN
712 NaN
713 NaN
714 NaN
715 NaN
716 NaN
717 NaN
718 NaN
719 NaN
720 NaN
721 NaN
722 NaN
723 NaN
724 NaN
725 NaN
726 NaN
727 NaN
728 NaN
729 NaN
730 NaN
731 NaN
732 NaN
733 NaN
734 NaN
735 NaN
736 NaN
737 NaN
738 NaN
739 NaN
740 NaN
741 NaN
742 NaN
743 NaN
744 NaN
745 NaN
746 NaN
747 NaN
748 NaN
749 NaN
750 NaN
751 NaN
752 NaN
753 NaN
754 NaN
755 NaN
756 NaN
757 NaN
758 NaN
759 NaN
760 NaN
761 NaN
762 NaN
763 NaN
764 NaN
765 NaN
766 NaN
767 NaN
768 NaN
769 NaN
770 NaN
771 NaN
772 NaN
773 NaN
774 NaN
775 NaN
776 NaN
777 NaN
778 NaN
779 NaN
780 NaN
781 NaN
782 NaN
783 NaN
784 NaN
785 NaN
786 NaN
787 NaN
788 NaN
789 NaN
790 NaN
791 NaN
792 NaN
793 NaN
794 NaN
795 NaN
796 NaN
797 NaN
798 NaN
799 NaN
800 NaN
801 NaN
802 NaN
803 NaN
804 NaN
805 NaN
806 NaN
807 NaN
808 NaN
809 NaN
810 NaN
811 NaN
812 NaN
813 NaN
814 NaN
815 NaN
816 NaN
817 NaN
818 NaN
819 NaN
820 NaN
821 NaN
822 NaN
823 NaN
824 NaN
825 NaN
826 NaN
827 NaN
828 NaN
829 NaN
830 NaN
831 NaN
832 NaN
833 NaN
834 NaN
835 NaN
836 NaN
837 NaN
838 NaN
839 NaN
840 NaN
841 NaN
842 NaN
843 NaN
844 NaN
845 NaN
846 NaN
847 NaN
848 NaN
849 NaN
850 NaN
851 NaN
852 NaN
853 NaN
854 NaN
855 NaN
856 NaN
857 NaN
858 NaN
859 NaN
860 NaN
861 NaN
862 NaN
863 NaN
864 NaN
865 NaN
866 NaN
867 NaN
868 NaN
869 NaN
870 NaN
871 NaN
872 NaN
873 NaN
874 NaN
875 NaN
876 NaN
877 NaN
878 NaN
879 NaN
880 NaN
881 NaN
882 NaN
883 NaN
884 NaN
885 NaN
886 NaN
887 NaN
888 NaN
889 NaN
890 NaN
891 NaN
892 NaN
893 NaN
894 NaN
895 NaN
896 NaN
897 NaN
898 NaN
899 NaN
900 NaN
901 NaN
902 NaN
903 NaN
904 NaN
905 NaN
906 NaN
907 NaN
908 NaN
909 NaN
910 NaN
911 NaN
912 NaN
913 NaN
914 NaN
915 NaN
916 NaN
917 NaN
918 NaN
919 NaN
920 NaN
921 NaN
922 NaN
923 NaN
924 NaN
925 NaN
926 NaN
927 NaN
928 NaN
929 NaN
930 NaN
931 NaN
932 NaN
933 NaN
934 NaN
935 NaN
936 NaN
937 NaN
938 NaN
939 NaN
940 NaN
941 NaN
942 NaN
943 NaN
944 NaN
945 NaN
946 NaN
947 NaN
948 NaN
949 NaN
950 NaN
951 NaN
952 NaN
953 NaN
954 NaN
955 NaN
956 NaN
957 NaN
958 NaN
959 NaN
960 NaN
961 NaN
962 NaN
963 NaN
964 NaN
965 NaN
966 NaN
967 NaN
968 NaN
969 NaN
970 NaN
971 NaN
972 NaN
973 NaN
974 NaN
975 NaN
976 NaN
977 NaN
978 NaN
979 NaN
980 NaN
981 NaN
982 NaN
983 NaN
984 NaN
985 NaN
986 NaN
987 NaN
988 NaN
989 NaN
990 NaN
991 NaN
992 NaN
993 NaN
994 NaN
995 NaN
996 NaN
997 NaN
998 NaN
999 NaN
1000 NaN
