0	0.00075	0.00075	666.6666666666666
1	0.0000015	0.0000015	500.0
2	0.0000000039375	0.0000627495019900556660983629019338890617	380.95238095238096
3	0.0000000000135	0.0002381101577952299212127558458908462391	291.66666666666663
4	0.00000000000005934375	0.0004935643084074006689060918354240327268	227.48815165876778
5	0.000000000000000324	0.0007981949982785915130908989816362129539	183.15972222222223
6	0.00000000000000000212298046875	0.0011336813437208630497806386368092021921	152.61562919171345
7	0.0000000000000000000162135	0.0014888108989323503665440730811227999326	130.93906119900083
8	0.000000000000000000000141115447265625	0.001856507976752121353462623098318656443	114.89528832007271
9	0.0000000000000000000000013763115	0.002232267849378056952105487144244672224	102.53161967012919
10	0.0000000000000000000000000148501246772461	0.0026132021689896087380403987997149631384	92.68013096946149
11	0.000000000000000000000000000175490226	0.0029974383995322107952704660316899901148	84.62080775510594
12	0.0000000000000000000000000000022530628206	0.0033837461534553079071458424920418995147	77.88962846311054
13	0.0000000000000000000000000000000312171452	0.0037713060984192716173221221534946786748	72.17389059871658
14	0.0000000000000000000000000000000004641652	0.0041595662355146922983901992156235479412	67.25437863984716
15	0.000000000000000000000000000000000007371	0.0045481513385908517233221119351529008032	62.97222086615727
16	0.0000000000000000000000000000000000001245	0.0049368049453872368796000367635766014897	59.20905288871077
17	0.0000000000000000000000000000000000000022	0.0053253515513080941834696527973331045645	55.874633392160504
18	0.0	0.0057136715495493443049601507928569436758	52.89881269702421
19	0.0	0.0061016843530781325814404993436941403753	50.226148285756935
20	0.0	0.006489336858482396282313721836423959104	47.81218973460403
21	0.0	0.0068765954545950685491877883548324549917	45.62085104111507
22	0.0	0.0072634404195881971057478328834927564454	43.62251158867892
23	0.0	0.0076498619504695287055051837879490962514	41.79261762756887
24	0.0	0.0080358573229910751787030994171798289778	40.11063515882122
25	0.0	0.0084214288438291484974537599893834739077	38.55925433203183
26	0.0	0.0088065823641655633674492148547074181285	37.12377696850858
27	0.0	0.0091913261950432241585433871020635597619	35.79163946884597
28	0.0	0.0095756703128323951899492564740351493719	34.55203719284438
29	0.0	0.0099596257758491934316971066951330883791	33.39562584303162
30	0.0	0.0103432042957376606641592306257675018076	32.31428194545433
31	0.0	0.0107264179229773407661167742086057598135	31.300909154585902
32	0.0	0.0111092788169850810908836731181186023758	30.34928042770776
33	0.0	0.0114917990791881170295262214656413572209	29.453908522399225
34	0.0	0.0118739906331272375735243831373071125656	28.609939039618585
35	0.0	0.0122558651397649448878875474488666144275	27.81306154849581
36	0.0	0.0126374339391784286925423672592093325951	27.059435314541957
37	0.0	0.0130187080120264743036516112851769000419	26.345626899467284
38	0.0	0.0133996979558144052766600943732045932244	25.668557471191292
39	0.0	0.0137804139721983991930133835390262699631	25.025458102059734
40	0.0	0.0141608658624817277891443286939508658995	24.413831674436505
41	0.0	0.0145410630291410123378965730507415070221	23.831420279611642
42	0.0	0.0149210144817386765050536310769244139895	23.276177205997815
43	0.0	0.0153007288459709092976026301868209081081	22.74624277900908
44	0.0	0.0156802143748998289714726843274503082116	22.239923447682155
45	0.0	0.0160594789616472312755615922398781164708	21.755673619467135
46	0.0	0.0164385301530024599106781172626555476435	21.292079830359704
47	0.0	0.0168173751635313710646413938365297483807	20.847846907026437
48	0.0	0.0171960208898767072448519762054399345436	20.42178583415211
49	0.0	0.0175744739250197181762334516337697170975	20.012803086524578
50	0.0	0.0179527405723340810751244255352815436784	19.619891223410896
51	0.0	0.0183308268593102771475673342229888052116	19.242120574170848
52	0.0	0.0187087385508647849588783897547314153328	18.87863187006842
53	0.0	0.0190864811621762166767220255530572637165	18.528629698883794
54	0.0	0.0194640599710117456106512331331998094427	18.191376677000108
55	0.0	0.0198414800295233166236102791465567058134	17.866188248784688
56	0.0	0.0202187461755053282393182654572899408146	17.55242803582048
57	0.0	0.0205958630431146064188282878240874843945	17.249503669289542
58	0.0	0.0209728350730602395231831316922109058529	16.956863047906364
59	0.0	0.0213496665222757454848076968894144780185	16.673990971521263
60	0.0	0.0217263614730895122730485276456601278484	16.400406107090532
61	0.0	0.0221029238419118170462930758168148642136	16.13565824932577
62	0.0	0.0224793573874582427921387008755744359362	15.879325843144136
63	0.0	0.0228556657185301733129482689569470121553	15.63101373917024
64	0.0	0.0232318523013734143762713993075964475879	15.390351157094889
65	0.0	0.0236079204666359830419169162400196650572	15.156989834763104
66	0.0	0.023983873415945824275941858850381154013	14.930602343517098
67	0.0	0.0243597142281287286891494976053294258631	14.71088055262027
68	0.0	0.0247354458650860958231979108425233068155	14.497534227587298
69	0.0	0.0251110711773514590876569564445396994214	14.290289748986249
70	0.0	0.0254865929093438962229302304422067701856	14.088888939797894
71	0.0	0.0258620137043356199522447214700699912396	13.893087990745963
72	0.0	0.0262373361091501978561559695607327634173	13.7026564741762
73	0.0	0.0266125625786070040123176182911804721404	13.517376438084087
74	0.0	0.0269876954797266692099568187482468107363	13.337041572789989
75	0.0	0.0273627370957114800988112330308558905378	13.16145644355257
76	0.0	0.0277376896297138865711017231496196804974	12.990435783110454
77	0.0	0.0281125552084055152175853533021223308011	12.82380383876038
78	0.0	0.0284873358853583575916478114957479605251	12.661393769127619
79	0.0	0.0288620336442491068711137483604826542599	12.503047086270215
80	0.0	0.0292366504018969560683748627611233012594	12.348613139190201
81	0.0	0.0296111880111445452872362501353673623658	12.197948635209105
82	0.0	0.0299856482635911542458248351761952944787	12.050917196007317
83	0.0	0.0303600328921866786001629335165108345099	11.907388945432544
84	0.0	0.030734343573694403471132936996673848262	11.767240126455562
85	0.0	0.0311085819310300937747423204448545403771	11.630352744896086
86	0.0	0.0314827495354844571382895627673128892836	11.496614237760525
87	0.0	0.0318568479088355999384670666903809270761	11.365917164230094
88	0.0	0.0322308785253576888729901723438137538934	11.238158917514504
89	0.0	0.0326048428137316480209861866047484339058	11.113241455945328
90	0.0	0.0329787421588633631211059461354229072483	10.99107105182644
91	0.0	0.0333525779036145293939839727605675858204	10.871558056688109
92	0.0	0.0337263513504509652944254548017662206231	10.754616681707951
93	0.0	0.0341000637630129207869816456360897678224	10.64016479216741
94	0.0	0.0344737163676116338414031987876816895141	10.528123714907906
95	0.0	0.034847310354656131646596572047615808817	10.418418057837261
96	0.0	0.0352208468800140324092204583139902842703	10.31097554061542
97	0.0	0.035594327066309878463636130577560621057	10.205726835719767
98	0.0	0.0359677520041643207622553631220205153663	10.102605419155033
99	0.0	0.0363411227533772776877822716778568101871	10.001547430131673
100	0.0	0.0367144403440580066376528910831539229703	9.902491539090295
101	0.0	0.0370877057777048541380584156723578704467	9.805378823498543
102	0.0	0.0374609200282372885654933933265193163818	9.710152650891512
103	0.0	0.0378340840429826681537238817980574350958	9.616758568667494
104	0.0	0.0382071987436200551574499732775552419148	9.525144200188116
105	0.0	0.038580265027083254190230224601177364389	9.435259146766024
106	0.0	0.0389532837664251282557737352303135976795	9.347054895154432
107	0.0	0.0393262558116451292911009193383019140591	9.260484730181549
108	0.0	0.0396991819904818706177337775466797118782	9.175503652199026
109	0.0	0.0400720631091724660688110296950121660287	9.092068299037768
110	0.0	0.0404448999531802642747573881495637009309	9.0101368721865
111	0.0	0.0408176932878925162277296374639862475729	8.929669066928886
112	0.0	0.0411904438592894294142454217250868110462	8.850626006193691
113	0.0	0.0415631523945859821418234502080103542636	8.772970177889775
114	0.0	0.0419358196028477968498577596378439186117	8.696665375513538
115	0.0	0.0423084461755823008714006673276696553324	8.62167664183116
116	0.0	0.0426810327873063370068628605671122525548	8.547970215451468
117	0.0	0.0430535800960913241089004237844237557054	8.475513480117788
118	0.0	0.0434260887440870094047997101813204039609	8.404274916558691
119	0.0	0.0437985593580247992608295060935270921833	8.33422405674819
120	0.0	0.0441709925497016033008976702388452839103	8.265331440435906
121	0.0	0.0445433889164450780231253523645181429415	8.197568573816808
122	0.0	0.0449157490415611101203750458868205294545	8.130907890218648
123	0.0	0.045288073494764336425125766409218075924	8.065322712693117
124	0.0	0.0456603628325924565982914874471390671863	8.000787218403977
125	0.0	0.0460326175988050562098079288137341336049	7.937276404712285
126	0.0	0.0464048383247676215707209356723389925139	7.874766056865069
127	0.0	0.0467770255298213934364841514225110744889	7.813232717199696
128	0.0	0.0471491797216396743826501859436244017659	7.752653655781619
129	0.0	0.0475213013965711741389661823322716538886	7.69300684239826
130	0.0	0.0478933910399709483457320482676542622442	7.634270919836501
131	0.0	0.0482654491265194589640928851768402071009	7.576425178375664
132	0.0	0.048637476120530258833428451027429274764	7.519449531431947
133	0.0	0.0490094724762467785341797039504637456698	7.463324492294136
134	0.0	0.0493814386381286706991821412158404223431	7.408031151893945
135	0.0	0.049753375041128145142177519409136025778	7.353551157557716
136	0.0	0.0501252821109567075650463735808821691117	7.299866692689272
137	0.0	0.0504971602643426950965682493190923739292	7.246960457336684
138	0.0	0.0508690099092799834407034455567050351727	7.194815649598382
139	0.0	0.0512408314452682229111314346593353142526	7.14341594782664
140	0.0	0.051612625263544944044533368106346164183	7.092745493588789
141	0.0	0.0519843917473098577648907580940825913858	7.042788875348816
142	0.0	0.0523561312719416601652356778952985299744	6.993531112834034
143	0.0	0.0527278442052076378352768541686737009308	6.944957642053507
144	0.0	0.0530995309074663562494814971366090700525	6.8970543009367615
145	0.0	0.053471191731863700999555827366479783156	6.8498073155629955
146	0.0	0.0538428270245225295694004315357792078192	6.803203286952676
147	0.0	0.0542144371247261798734367600915362005176	6.757229178394891
148	0.0	0.054586022365096070876824727334965313787	6.711872303285287
149	0.0	0.0549575830717636202566902824695440794651	6.667120313450731
150	0.0	0.0553291195645366942171489719924643290422	6.622961187938139
151	0.0	0.0557006321570607952095362458564549352185	6.579383222246069
152	0.0	0.0560721211569751844064070525312071693329	6.5363750179788145
153	0.0	0.056443586866064127308687539115961867866	6.493925472903789
154	0.0	0.0568150295804034428064629926410513924835	6.452023771393964
155	0.0	0.0571864495905025283432583537819920439104	6.410659375238088
156	0.0	0.0575578471814420265305902795640675647787	6.369822014802267
157	0.0	0.0579292226330072916045305774020473864951	6.329501680527345
158	0.0	0.0583005762198178074906397380879101697122	6.289688614747273
159	0.0	0.0586719082114527029305872774098428137392	6.250373303814444
160	0.0	0.0590432188725725031067486315169203779927	6.21154647051861
161	0.0	0.059414508463037251464665592047318251126	6.173199066786714
162	0.0	0.0597857772380211299629633610115427127346	6.135322266651555
163	0.0	0.0601570254481237007624385305288327804402	6.0979074594777956
164	0.0	0.0605282533394778873876462399748490643444	6.060946243434426
165	0.0	0.0608994611538548086432233200052050348131	6.024430419203233
166	0.0	0.0612706491287655740318696354321906345967	5.988351983913431
167	0.0	0.0616418174975601450904935831722350779131	5.952703125292983
168	0.0	0.0620129664895233629252321148443955923208	5.917476216027662
169	0.0	0.0623840963299682382751679435260957139543	5.88266380831928
170	0.0	0.0627552072403265966594052046578830273048	5.848258628634929
171	0.0	0.0631262994382371675540479594579394887385	5.8142535726394655
172	0.0	0.0634973731376312030963419969878402277586	5.78064170030381
173	0.0	0.0638684285488157085150204832357119655366	5.747416231181987
174	0.0	0.0642394658785543633313859525134575481629	5.714570539850165
175	0.0	0.0646104853301462093579052707168205220657	5.682098151501232
176	0.0	0.064981487103502178633500620330954690049	5.649992737688772
177	0.0	0.0653524713952195316710468077936192103265	5.618248112214541
178	0.0	0.0657234383986542737469202659137799665224	5.586858227153853
179	0.0	0.0660943883039916144291846905251093669051	5.555817169013505
180	0.0	0.0664653212983145331148310550816525258536	5.525119155017086
181	0.0	0.0668362375656705110223800697830453998475	5.494758529512821
182	0.0	0.0672071372871364878593272832329583031844	5.464729760499202
183	0.0	0.0675780206408820992498346795663067081992	5.435027436263971
184	0.0	0.0679488878022312489624492378480190419313	5.405646262132141
185	0.0	0.0683197389437220680163787687927407194428	5.376581057318948
186	0.0	0.0686905742351653108641054325643307852427	5.347826751883816
187	0.0	0.0690613938437012370441900196507507022444	5.3193783837815705
188	0.0	0.069432197933855024967522324723906606501	5.291231096007286
189	0.0	0.0698029866675907628396862932313716373761	5.263380133831331
190	0.0	0.0701737602043640601283796705129587226398	5.235820842121291
191	0.0	0.0705445187011733214549593673949355773068	5.20854866274762
192	0.0	0.0709152623126097233203261344275798741623	5.181559132069954
193	0.0	0.0712859911909059326648056739298848065473	5.154847878501201
194	0.0	0.0716567054859836049068506210793036163283	5.128410620146602
195	0.0	0.072027405345499697803826806721888472183	5.102243162515086
196	0.0	0.0723980909148916362275244673008841175197	5.076341396300355
197	0.0	0.0727687623374213617451296089644286946613	5.050701295229217
198	0.0	0.0731394197542182997410881103362721693116	5.0253189139748295
199	0.0	0.0735100633043212757045818747492476186661	5.000190386132544
200	0.0	0.0738806931247194112392946480252374521452	4.975311922256205
201	0.0	0.0742513093503920293249479943565948853065	4.950679807952789
202	0.0	0.0746219121143475973719944469259273863794	4.92629040203337
203	0.0	0.0749925015476617356602057645708486906411	4.902140134718486
204	0.0	0.0753630777795143178371077677075803320248	4.878225505896053
205	0.0	0.0757336409372256892717811835512345602715	4.854543083430015
206	0.0	0.0761041911462920282120319150987657795052	4.831089501518059
207	0.0	0.0764747285304198738769620759132612297296	4.8078614590966815
208	0.0	0.0768452532115598448312358916107411839983	4.7848557182920874
209	0.0	0.0772157653099395702305828703026473608453	4.762069102915339
210	0.0	0.0775862649440958557991220429765232112153	4.739498497000315
211	0.0	0.0779567522309061056967871504364903576614	4.717140843383058
212	0.0	0.0783272272856190207583963421778374197597	4.694993142321154
213	0.0	0.0786976902218845929337030217248415065056	4.673052450151821
214	0.0	0.0790681411517834151290951295390596209777	4.6513158779874635
215	0.0	0.0794385801858553250455307805893284729425	4.629780590447472
216	0.0	0.0798090074331274010229031806285784580238	4.608443804425085
217	0.0	0.0801794230011413273374515415494115028808	4.587302787888212
218	0.0	0.0805498269959801458552497806813806873944	4.566354858713109
219	0.0	0.0809202195222944104204198446022516705593	4.545597383549877
220	0.0	0.0812906006833277598507747808733724592606	4.525027776718761
221	0.0	0.0816609705809419249253742978787418271288	4.504643499136294
222	0.0	0.0820313293156411842772799238650887393093	4.484442057270332
223	0.0	0.0824016769865962836499652573134393143896	4.464421002123094
224	0.0	0.0827720136916678325367348814004135412458	4.444577928241321
225	0.0	0.0831423395274291917985260875726822465553	4.424910472752718
226	0.0	0.0835126545891888654460292482166861071967	4.405416314427882
227	0.0	0.083882958971012409376608766309075284917	4.386093172766903
228	0.0	0.0842532527657438694745037806891479086377	4.366938807109917
229	0.0	0.0846235360650267611137254062550320547228	4.347951015770866
230	0.0	0.0849938089593246017464558145955663514259	4.329127635193748
231	0.0	0.085364071537941007915124899087204992056	4.310466539130712
232	0.0	0.0857343238890393676932430880452927307123	4.291965637841311
233	0.0	0.0861045660996620992380731374780341153355	4.273622877312287
234	0.0	0.0864747982557495058269162773227455086607	4.2554362384973
235	0.0	0.0868450204421582374477726874009917467481	4.237403736575962
236	0.0	0.0872152327426793687240329270178839126889	4.21952342023166
237	0.0	0.0875854352400561026713010969543738811426	4.20179337094757
238	0.0	0.0879556280160011095120924246549977370388	4.184211702320356
239	0.0	0.0883258111512135095106520160130647407628	4.166776559391031
240	0.0	0.0886959847253955085351856031852899433502	4.149486117992474
241	0.0	0.089066148817268694808068045928611044829	4.132338584113134
242	0.0	0.0894363035045900050658042727748693330694	4.115332193276443
243	0.0	0.0898064488641673681193752480437414785151	4.098465209935496
244	0.0	0.0901765849718750335818346893992770857639	4.081735926882555
245	0.0	0.0905467119026685933133677154495762080181	4.06514266467296
246	0.0	0.0909168297305997029242277935412721711889	4.048683771063034
247	0.0	0.0912869385288305104727906024494656746532	4.032357620461596
248	0.0	0.0916570383696477992991695156756248534268	4.016162613394681
249	0.0	0.092027129324476851744203211541869856326	4.000097175983124
250	0.0	0.0923972114638950403189359742249954556417	3.9841597594326212
251	0.0	0.0927672848576451527107584306579689433128	3.968348839535943
252	0.0	0.0931373495746484568389616037120832777908	3.95266291618695
253	0.0	0.0935074056830175120043887158701039807183	3.937100512906092
254	0.0	0.0938774532500687320149629255210498834018	3.9216601763770758
255	0.0	0.0942474923423347060109479030217069005126	3.9063404759943907
256	0.0	0.094617523025576282560691354657445881358	3.891140003421402
257	0.0	0.0949875453647944224491452162490716028278	3.8760573721587215
258	0.0	0.0953575594242418254374923731716277249378	3.861091217122579
259	0.0	0.0957275652674343361325864471082636144785	3.8462401942329287
260	0.0	0.0960975629571621339694821249831576470303	3.8315029800110185
261	0.0	0.0964675525555007121789578394247978708828	3.8168782711861846
262	0.0	0.0968375341238216504844747127800686708291	3.802364784311614
263	0.0	0.0972075077228031861493449291777935798276	3.787961255388842
264	0.0	0.0975774734124405878748732911657505403514	3.7736664395007518
265	0.0	0.0979474312520563369337664539260729839772	3.7594791104528533
266	0.0	0.0983173813003101198100584460110638336663	3.7453980604226307
267	0.0	0.0986873236152086365070660689960696005228	3.731422099616731
268	0.0	0.0990572582541152285783551911780218853121	3.717550055935809
269	0.0	0.0994271852737593308332643058658199877078	3.7037807746468157
270	0.0	0.0997971047302457505680942728905805055471	3.6901131180625493
271	0.0	0.1001670166790637780765357808301320123131	3.6765459652282666
272	0.0	0.1005369211750961320981751112680524069212	3.663078211615195
273	0.0	0.1009068182726277437719039493866893005569	3.6497087688207475
274	0.0	0.1012767080253543825716731712749541822767	3.6364365642752827
275	0.0	0.1016465904863911276151897364654954696617	3.6232605409552403
276	0.0	0.1020164657082806876517789788579119354238	3.6101796571024938
277	0.0	0.1023863337430015729536435258201537789886	3.597192885949756
278	0.0	0.1027561946419761222550693307202237796946	3.5842992154518947
279	0.0	0.1031260484560783878066860614945900532634	3.571497648023005
280	0.0	0.1034958952356418815366130656807961261687	3.558787200279097
281	0.0	0.1038657350304671852371454881434977196134	3.5461669027862603
282	0.0	0.1042355678898294276244923553884972436721	3.5336357998141645
283	0.0	0.1046053938624856310499063213790808223603	3.5211929490947727
284	0.0	0.1049752129966819305732822281228211867749	3.508837421586132
285	0.0	0.1053450253401606680448896948159907717011	3.496568301241124
286	0.0	0.1057148309401673637772866493893104285769	3.4843846847810456
287	0.0	0.1060846298434575683275810306788669040289	3.472285681473911
288	0.0	0.1064544220963035968500136582635043096412	3.460270412917356
289	0.0	0.1068242077445011484202751265308002710409	3.448338012826034
290	0.0	0.1071939868333758126759938957834213446512	3.436487626823398
291	0.0	0.1075637594077894660623935582313633723896	3.4247184122377585
292	0.0	0.1079335255121465599181681874356426451423	3.4130295379025206
293	0.0	0.1083032851904003025841209191803014437968	3.4014201839604983
294	0.0	0.1086730384860587376660091325481412108166	3.3898895416722077
295	0.0	0.1090427854421907205332979103704196759091	3.3784368132280505
296	0.0	0.1094125261014317950871013498938059775927	3.367061211564286
297	0.0	0.1097822605059899727834495926211502401811	3.355761960182715
298	0.0	0.1101519886976514158521202574454996658929	3.3445382929739784
299	0.0	0.1105217107177860266065796433110839162451	3.3333894540443922
300	0.0	0.110891426607352944697056161538288134842	3.322314697546235
301	0.0	0.111261136406905954116381660781626135779	3.311313287511406
302	0.0	0.1116308401565988017269524278093340457389	3.3003844976883787
303	0.0	0.112000537896190429036948565277594089383	3.2895276113823724
304	0.0	0.1123702296650501189147770778321294867665	3.2787419212986686
305	0.0	0.1127399155021625588925402522173091772908	3.2680267293889997
306	0.0	0.1131095954461328226721476701835785198262	3.25738134670094
307	0.0	0.113479269535191271411459248294147826914	3.2468050932302326
308	0.0	0.1138489378071983763325407561162335593984	3.2362972977759794
309	0.0	0.1142186002996494641597058888607020708775	3.225857297798643
310	0.0	0.1145882570496793868614845626564943989864	3.2154844392807775
311	0.0	0.1149579080940671171379708670072769295669	3.205178076590448
312	0.0	0.1153275534692402710631420348160278978331	3.194937572347259
313	0.0	0.1156971932112795592606786127012920113329	3.1847622972909524
314	0.0	0.1160668273559231679615331962113782009435	3.1746516301525025
315	0.0	0.1164364559385710712619688002334573312888	3.1646049575276596
316	0.0	0.1168060789942892758719970059923726978184	3.1546216737528905
317	0.0	0.1171756965578139996160699584731477098958	3.1447011807836556
318	0.0	0.1175453086635557849204992099985240002495	3.1348428880749784
319	0.0	0.1179149153456035484953690560098081162869	3.1250462124642566
320	0.0	0.1182845166377285683926637170856159786961	3.115310578056257
321	0.0	0.1186541125733884095969183866217588765799	3.1056354161102626
322	0.0	0.119023703185730789279916237519028960403	3.0960201649293073
323	0.0	0.119393288507597382826769947825539148254	3.086464269751469
324	0.0	0.1197628685715275717171306639825432593955	3.0769671826431675
325	0.0	0.1201324434097621343222435687532142016646	3.067528362394424
326	0.0	0.1205020130542468806561018384290323134176	3.0581472744160463
327	0.0	0.1208715775366362320970247057167184756645	3.0488233906386926
328	0.0	0.1212411368882967470745859865606882906202	3.0395561894137773
329	0.0	0.1216106911403105936959326125810155799114	3.0303451554161787
330	0.0	0.1219802403234789702651446888743906806719	3.021189779548711
331	0.0	0.1223497844683254746293860305122932822841	3.012089558848319
332	0.0	0.1227193236050994232661640756133515155373	3.0030439963939703
333	0.0	0.1230888577637791210070479655825524548051	2.994052601216196
334	0.0	0.1234583869740750822746712306653284119411	2.9851148882082525
335	0.0	0.1238279112654332046917590855782399847875	2.9762303780388764
336	0.0	0.1241974306670378959032583359389056399334	2.967398597066582
337	0.0	0.1245669452078151544353991668038151963134	2.9586190772554897
338	0.0	0.1249364549164356053986717994045480446797	2.9498913560926394
339	0.0	0.1253059598213174918252466446895388462943	2.941214976506765
340	0.0	0.1256754599506296224152939400687794044531	2.9325894867884976
341	0.0	0.1260449553322942764509580107374074588112	2.9240144405119692
342	0.0	0.1264144459939900666214026161182147291299	2.9154893964577866
343	0.0	0.1267839319631547604873579684177942323016	2.9070139185373502
344	0.0	0.1271534132669880612989578545815629066241	2.898587575718491
345	0.0	0.1275228899324543488663480246724117158107	2.890209941952392
346	0.0	0.1278923619862853