0	7.5e-5	0.0	6666.666666666667
1	1.5e-8	1.5e-8	5000.0
2	3.9375e-12	1.984313483298443e-6	3809.5238095238096
3	1.35e-15	1.1052094495921167e-5	2916.6666666666665
4	5.934375e-19	2.7755160725647585e-5	2274.8815165876777
5	3.24e-22	5.036269964912323e-5	1831.5972222222222
6	2.12298046875e-25	7.72368108315997e-5	1526.1562919171345
7	1.62135e-28	1.0714758737695793e-4	1309.3906119900084
8	1.41115447265625e-31	1.3921845813459293e-4	1148.952883200727
9	1.3763115e-34	1.7283639257901346e-4	1025.3161967012918
10	1.4850124677246093e-37	2.0757402658711784e-4	926.8013096946149
11	1.75490226e-40	2.4313146992534717e-4	846.2080775510594
12	2.2530628205925292e-43	2.792958236946571e-4	778.8962846311055
13	3.1217145174e-46	3.1591387924990115e-4	721.7389059871658
14	4.641652455250598e-49	3.52873847567472e-4	672.5437863984716
15	7.3709524476135e-52	3.900930749280059e-4	629.7222086615727
16	1.2449029477752209e-54	4.275096954092883e-4	592.0905288871077
17	2.2280288427805364e-57	4.65076883364342e-4	558.746333921605
18	4.211869282476113e-60	5.027588402997902e-4	528.9881269702421
19	8.385809834576764e-63	5.405279533956749e-4	502.2614828575693
20	1.7539062488300008e-65	5.783627562988326e-4	478.1218973460403
21	3.844527685924405e-68	6.162464468319113e-4	456.20851041115066
22	8.813173625065073e-71	6.541657965016295e-4	436.2251158867892
23	2.108787179497315e-73	6.921103392055283e-4	417.9261762756887
24	5.257426543228264e-76	7.300717613366708e-4	401.10635158821214
25	1.3634668601101113e-78	7.680434388436689e-4	385.5925433203182
26	3.6727590009678037e-81	8.060200826822768e-4	371.23776968508577
27	1.026149976774513e-83	8.439974650247413e-4	357.9163946884597
28	2.969868233954742e-86	8.819722062075584e-4	345.5203719284438
29	8.892985709906793e-89	9.199416077644212e-4	333.9562584303162
30	2.7520294973343123e-91	9.579035207144837e-4	323.14281945454337
31	8.792171127499382e-94	9.958562410286537e-4	313.009091545859
32	2.8969949216563494e-96	1.0337984261978878e-3	303.4928042770776
33	9.835689275171175e-99	1.071729028296034e-3	294.53908522399223
34	3.437857473778909e-101	1.1096472400169244e-3	286.09939039618587
35	1.236058629426517e-103	1.1475524509769039e-3	278.1306154849581
36	4.567939482322638e-106	1.185444212184428e-3	270.5943531454196
37	1.7338511244213373e-108	1.223322207040957e-3	263.4562689946728
38	6.754766512949932e-111	1.2611862275904284e-3	256.6855747119129
39	2.699157987599027e-113	1.2990361550057187e-3	250.2545810205973
40	1.1055855646065139e-115	1.3368719435101913e-3	244.13831674436503
41	4.639192929480452e-118	1.3746936070953251e-3	238.3142027961164
42	1.993107754947416e-120	1.4125012085229155e-3	232.76177205997814
43	8.762360334897665e-123	1.4502948502004948e-3	227.46242779009083
44	3.9399237841400384e-125	1.4880746665977761e-3	222.39923447682156
45	1.810986804202912e-127	1.5258408179347396e-3	217.55673619467134
46	8.50544812264269e-130	1.563593484922121e-3	212.92079830359702
47	4.079772918792905e-132	1.6013328643751836e-3	208.47846907026437
48	1.9977552168675422e-134	1.6390591655539636e-3	204.2178583415211
49	9.982385816870956e-137	1.6767726071092244e-3	200.12803086524576
50	5.087890500106213e-139	1.7144734145345276e-3	196.19891223410897
51	2.6441423025567197e-141	1.7521618180420054e-3	192.42120574170846
52	1.4006005947649937e-143	1.7898380507934447e-3	188.7863187006842
53	7.559115906177179e-146	1.8275023474298448e-3	185.28629698883793
54	4.155329220209261e-148	1.865154942851974e-3	181.91376677000105
55	2.325806244928556e-150	1.9027960712123338e-3	178.66188248784687
56	1.3250624017270542e-152	1.940425965085292e-3	175.52428035820478
57	7.68174219462414e-155	1.9780448547875224e-3	172.4950366928954
58	4.530167032028128e-157	2.015652967825318e-3	169.56863047906361
59	2.716906252237712e-159	2.0532505284490197e-3	166.73990971521266
60	1.656609131808686e-161	2.090837757297899e-3	164.00406107090532
61	1.0266758915013013e-163	2.128414871121403e-3	161.3565824932577
62	6.465487903219559e-166	2.165982082564848e-3	158.79325843144136
63	4.1363202739803707e-168	2.2035396000094384e-3	156.3101373917024
64	2.6876061707490955e-170	2.24108762745806e-3	153.9035115709489
65	1.7731793713979893e-172	2.278626364459549e-3	151.56989834763104
66	1.187614089908374e-174	2.316156006065246e-3	149.306023435171
67	8.073031968822821e-177	2.3536767428125748e-3	147.10880552620273
68	5.5685552053815346e-179	2.3911887607311615e-3	144.97534227587298
69	3.8967405862267887e-181	2.4286922413676764e-3	142.90289748986248
70	2.7658253272331407e-183	2.466187361826142e-3	140.88888939797894
71	1.9907923487387593e-185	2.503674294820936e-3	138.93087990745963
72	1.4528513887001207e-187	2.5411532087401467e-3	137.026564741762
73	1.0748027883627126e-189	2.578624267717235e-3	135.17376438084088
74	8.058779621378008e-192	2.6160876317093376e-3	133.37041572789988
75	6.123015075072317e-194	2.6535434565807246e-3	131.6145644355257
76	4.713479345345111e-196	2.6909918941901787e-3	129.90435783110453
77	3.675570372574214e-198	2.7284330924812576e-3	128.23803838760378
78	2.902974537871484e-200	2.765867195574571e-3	126.61393769127618
79	2.3218136489778434e-202	2.8032943438612568e-3	125.03047086270213
80	1.880222194028587e-204	2.840714674097111e-3	123.486131391902
81	1.541424915170874e-206	2.8781283194967773e-3	121.97948635209104
82	1.2790934416855633e-208	2.9155354098275624e-3	120.50917196007319
83	1.0742014454614756e-210	2.9529360715025528e-3	119.07388945432544
84	9.128745856442706e-213	2.9903304276726597e-3	117.67240126455562
85	7.849070493970016e-215	3.0277185983173843e-3	116.30352744896088
86	6.827288740531813e-217	3.065100700334112e-3	114.96614237760525
87	6.006808462424934e-219	3.1024768476257203e-3	113.65917164230093
88	5.345011141516615e-221	3.139847151186419e-3	112.38158917514505
89	4.809587880102396e-223	3.177211719185709e-3	111.13241455945328
90	4.3759046387960196e-225	3.214570657050363e-3	109.9107105182644
91	4.0250943020112856e-227	3.2519240675444225e-3	108.71558056688109
92	3.7426664484075845e-229	3.2892720508471223e-3	107.54616681707951
93	3.517489175696499e-231	3.326614704628748e-3	106.40164792167408
94	3.3410408833966365e-233	3.36395212412445e-3	105.28123714907906
95	3.206860067285682e-235	3.4012844022059375e-3	104.18418057837262
96	3.1101422505113204e-237	3.43861162945116e-3	103.1097554061542
97	3.04744806575256e-239	3.4759338942119216e-3	102.05726835719769
98	3.016497170100744e-241	3.513251282679507e-3	101.02605419155033
99	3.0160304604594885e-243	3.5505638789483022e-3	100.01547430131673
100	3.04572889414108e-245	3.587871765077514e-3	99.02491539090295
101	3.1061817691755116e-247	3.6251750211509343e-3	98.05378823498543
102	3.198901068656552e-249	3.662473725334893e-3	97.10152650891513
103	3.326381800910486e-251	3.699767953934365e-3	96.16758568667494
104	3.492211488876768e-253	3.7370577814473116e-3	95.25144200188117
105	3.7012353710218325e-255	3.7743432806173153e-3	94.35259146766023
106	3.959787775442053e-257	3.81162452248451e-3	93.47054895154433
107	4.276004864557909e-259	3.8489015764348886e-3	92.60484730181548
108	4.6602399461016075e-261	3.8861745102480474e-3	91.75503652199025
109	5.125610359300546e-263	3.9234433901433755e-3	90.92068299037768
110	5.688715312552969e-265	3.9607082808247665e-3	90.101368721865
111	6.370577979895336e-267	3.997969245523866e-3	89.29669066928885
112	7.197884054119099e-269	4.03522634604196e-3	88.5062600619369
113	8.204614752093523e-271	4.072479642790475e-3	87.72970177889773
114	9.434207708157383e-273	4.1097291948301974e-3	86.96665375513537
115	1.0942428137914541e-274	4.146975059909202e-3	86.2167664183116
116	1.280120059161508e-276	4.184217294499587e-3	85.47970215451467
117	1.5103746364918973e-278	4.221455953832989e-3	84.75513480117789
118	1.7971504400885928e-280	4.2586910919350015e-3	84.0427491655869
119	2.156350042729469e-282	4.295922761658435e-3	83.3422405674819
120	2.6089093441312076e-284	4.333151014715556e-3	82.65331440435907
121	3.182540433347657e-286	4.370375901709279e-3	81.97568573816807
122	3.914126781802807e-288	4.4075974721633545e-3	81.30907890218649
123	4.8530318267895185e-290	4.444815774551605e-3	80.65322712693117
124	6.065692905350903e-292	4.482030856326238e-3	80.00787218403975
125	7.642033105650397e-294	4.519242763945239e-3	79.37276404712284
126	9.704457313989943e-296	4.556451542898946e-3	78.74766056865069
127	1.2420540466722554e-297	4.593657237735729e-3	78.13232717199696
128	1.6021018116112813e-299	4.630859892086916e-3	77.52653655781619
129	2.0825430737714426e-301	4.668059548690911e-3	76.93006842398259
130	2.7278873066454436e-303	4.70525624941656e-3	76.34270919836501
131	3.600493956478674e-305	4.742450035285821e-3	75.76425178375663
132	4.788241401751948e-307	4.7796409464956795e-3	75.19449531431948
133	6.415695052112225e-309	4.816829022439458e-3	74.63324492294136
134	8.6604590620167e-311	4.854014301727399e-3	74.08031151893945
135	1.17772473142e-312	4.891196822206662e-3	73.53551157557716
136	1.613351012e-314	4.9283766209861895e-3	72.99866692689271
137	2.2262451e-316	4.9655537342575785e-3	72.46960457336684
138	3.094234e-318	5.002728189562833e-3	71.94815649598382
139	4.3315e-320	5.039899070447368e-3	71.4341594782664
140	6.13e-322	5.077183996228764e-3	70.9274549358879
141	1.0e-323	5.118975873288513e-3	70.42788875348816
142	0.0	0.0	69.93531112834033
143	0.0	0.0	69.44957642053507
144	0.0	0.0	68.97054300936762
145	0.0	0.0	68.49807315562997
146	0.0	0.0	68.03203286952676
147	0.0	0.0	67.57229178394891
148	0.0	0.0	67.11872303285287
149	0.0	0.0	66.67120313450731
150	0.0	0.0	66.2296118793814
151	0.0	0.0	65.79383222246068
152	0.0	0.0	65.36375017978814
153	0.0	0.0	64.93925472903788
154	0.0	0.0	64.52023771393964
155	0.0	0.0	64.10659375238089
156	0.0	0.0	63.69822014802268
157	0.0	0.0	63.29501680527345
158	0.0	0.0	62.89688614747273
159	0.0	0.0	62.50373303814443
160	0.0	0.0	62.1154647051861
161	0.0	0.0	61.731990667867144
162	0.0	0.0	61.35322266651554
163	0.0	0.0	60.979074594777956
164	0.0	0.0	60.60946243434425
165	0.0	0.0	60.24430419203233
166	0.0	0.0	59.88351983913431
167	0.0	0.0	59.527031252929824
168	0.0	0.0	59.17476216027662
169	0.0	0.0	58.8266380831928
170	0.0	0.0	58.48258628634929
171	0.0	0.0	58.142535726394655
172	0.0	0.0	57.80641700303809
173	0.0	0.0	57.47416231181986
174	0.0	0.0	57.14570539850164
175	0.0	0.0	56.82098151501233
176	0.0	0.0	56.499927376887726
177	0.0	0.0	56.182481122145404
178	0.0	0.0	55.868582271538536
179	0.0	0.0	55.55817169013505
180	0.0	0.0	55.251191550170866
181	0.0	0.0	54.94758529512821
182	0.0	0.0	54.64729760499201
183	0.0	0.0	54.35027436263971
184	0.0	0.0	54.05646262132141
185	0.0	0.0	53.76581057318947
186	0.0	0.0	53.47826751883816
187	0.0	0.0	53.19378383781571
188	0.0	0.0	52.912310960072865
189	0.0	0.0	52.633801338313305
190	0.0	0.0	52.35820842121291
191	0.0	0.0	52.0854866274762
192	0.0	0.0	51.81559132069954
193	0.0	0.0	51.54847878501201
194	0.0	0.0	51.28410620146602
195	0.0	0.0	51.022431625150865
196	0.0	0.0	50.76341396300355
197	0.0	0.0	50.50701295229217
198	0.0	0.0	50.253189139748294
199	0.0	0.0	50.00190386132543
200	0.0	0.0	49.75311922256205
201	0.0	0.0	49.50679807952789
202	0.0	0.0	49.2629040203337
203	0.0	0.0	49.02140134718486
204	0.0	0.0	48.78225505896052
205	0.0	0.0	48.545430834300156
206	0.0	0.0	48.31089501518059
207	0.0	0.0	48.07861459096682
208	0.0	0.0	47.84855718292088
209	0.0	0.0	47.62069102915339
210	0.0	0.0	47.39498497000315
211	0.0	0.0	47.171408433830585
212	0.0	0.0	46.949931423211545
213	0.0	0.0	46.730524501518204
214	0.0	0.0	46.51315877987464
215	0.0	0.0	46.297805904474714
216	0.0	0.0	46.084438044250845
217	0.0	0.0	45.87302787888212
218	0.0	0.0	45.66354858713109
219	0.0	0.0	45.45597383549877
220	0.0	0.0	45.25027776718761
221	0.0	0.0	45.04643499136294
222	0.0	0.0	44.84442057270332
223	0.0	0.0	44.64421002123095
224	0.0	0.0	44.445779282413206
225	0.0	0.0	44.24910472752719
226	0.0	0.0	44.05416314427882
227	0.0	0.0	43.860931727669026
228	0.0	0.0	43.66938807109918
229	0.0	0.0	43.47951015770866
230	0.0	0.0	43.29127635193748
231	0.0	0.0	43.10466539130713
232	0.0	0.0	42.91965637841311
233	0.0	0.0	42.736228773122875
234	0.0	0.0	42.554362384973
235	0.0	0.0	42.37403736575962
236	0.0	0.0	42.1952342023166
237	0.0	0.0	42.01793370947569
238	0.0	0.0	41.842117023203556
239	0.0	0.0	41.66776559391031
240	0.0	0.0	41.49486117992474
241	0.0	0.0	41.32338584113133
242	0.0	0.0	41.15332193276443
243	0.0	0.0	40.98465209935496
244	0.0	0.0	40.81735926882555
245	0.0	0.0	40.6514266467296
246	0.0	0.0	40.48683771063034
247	0.0	0.0	40.323576204615954
248	0.0	0.0	40.16162613394681
249	0.0	0.0	40.00097175983124
250	0.0	0.0	39.84159759432622
251	0.0	0.0	39.68348839535943
252	0.0	0.0	39.5266291618695
253	0.0	0.0	39.37100512906092
254	0.0	0.0	39.216601763770754
255	0.0	0.0	39.06340475994391
256	0.0	0.0	38.91140003421402
257	0.0	0.0	38.760573721587214
258	0.0	0.0	38.61091217122579
259	0.0	0.0	38.462401942329286
260	0.0	0.0	38.31502980011018
261	0.0	0.0	38.168782711861844
262	0.0	0.0	38.023647843116144
263	0.0	0.0	37.87961255388842
264	0.0	0.0	37.736664395007516
265	0.0	0.0	37.59479110452853
266	0.0	0.0	37.45398060422631
267	0.0	0.0	37.31422099616731
268	0.0	0.0	37.175500559358085
269	0.0	0.0	37.03780774646816
270	0.0	0.0	36.90113118062549
271	0.0	0.0	36.765459652282665
272	0.0	0.0	36.630782116151956
273	0.0	0.0	36.49708768820748
274	0.0	0.0	36.36436564275283
275	0.0	0.0	36.232605409552406
276	0.0	0.0	36.10179657102494
277	0.0	0.0	35.97192885949756
278	0.0	0.0	35.842992154518946
279	0.0	0.0	35.71497648023005
280	0.0	0.0	35.587872002790974
281	0.0	0.0	35.461669027862605
282	0.0	0.0	35.336357998141644
283	0.0	0.0	35.211929490947725
284	0.0	0.0	35.08837421586132
285	0.0	0.0	34.96568301241124
286	0.0	0.0	34.843846847810454
287	0.0	0.0	34.72285681473911
288	0.0	0.0	34.60270412917356
289	0.0	0.0	34.48338012826034
290	0.0	0.0	34.364876268233985
291	0.0	0.0	34.24718412237758
292	0.0	0.0	34.130295379025206
293	0.0	0.0	34.01420183960498
294	0.0	0.0	33.89889541672208
295	0.0	0.0	33.784368132280505
296	0.0	0.0	33.67061211564286
297	0.0	0.0	33.55761960182715
298	0.0	0.0	33.445382929739786
299	0.0	0.0	33.33389454044392
300	0.0	0.0	33.22314697546235
301	0.0	0.0	33.11313287511406
302	0.0	0.0	33.00384497688379
303	0.0	0.0	32.89527611382372
304	0.0	0.0	32.787419212986684
305	0.0	0.0	32.68026729389
306	0.0	0.0	32.5738134670094
307	0.0	0.0	32.468050932302326
308	0.0	0.0	32.362972977759796
309	0.0	0.0	32.25857297798643
310	0.0	0.0	32.15484439280778
311	0.0	0.0	32.051780765904475
312	0.0	0.0	31.94937572347259
313	0.0	0.0	31.847622972909523
314	0.0	0.0	31.746516301525023
315	0.0	0.0	31.646049575276596
316	0.0	0.0	31.546216737528905
317	0.0	0.0	31.447011807836553
318	0.0	0.0	31.348428880749786
319	0.0	0.0	31.250462124642567
320	0.0	0.0	31.153105780562573
321	0.0	0.0	31.056354161102625
322	0.0	0.0	30.960201649293072
323	0.0	0.0	30.864642697514693
324	0.0	0.0	30.769671826431676
325	0.0	0.0	30.67528362394424
326	0.0	0.0	30.58147274416046
327	0.0	0.0	30.488233906386924
328	0.0	0.0	30.39556189413777
329	0.0	0.0	30.30345155416179
330	0.0	0.0	30.21189779548711
331	0.0	0.0	30.120895588483194
332	0.0	0.0	30.030439963939706
333	0.0	0.0	29.940526012161957
334	0.0	0.0	29.851148882082526
335	0.0	0.0	29.762303780388766
336	0.0	0.0	29.67398597066582
337	0.0	0.0	29.586190772554897
338	0.0	0.0	29.498913560926393
339	0.0	0.0	29.41214976506765
340	0.0	0.0	29.32589486788498
341	0.0	0.0	29.240144405119693
342	0.0	0.0	29.154893964577862
343	0.0	0.0	29.070139185373502
344	0.0	0.0	28.985875757184914
345	0.0	0.0	28.90209941952392
346	0.0	0.0	28.818805961017777
347	0.0	0.0	28.735991218703408
348	0.0	0.0	28.653651077333816
349	0.0	0.0	28.57178146869638
350	0.0	0.0	28.49037837094278
351	0.0	0.0	28.409437807930374
352	0.0	0.0	28.328955848574772
353	0.0	0.0	28.248928606213344
354	0.0	0.0	28.169352237979542
355	0.0	0.0	28.09022294418773
356	0.0	0.0	28.01153696772836
357	0.0	0.0	27.93329059347331
358	0.0	0.0	27.855480147691107
359	0.0	0.0	27.77810199747198
360	0.0	0.0	27.701152550162366
361	0.0	0.0	27.624628252808897
362	0.0	0.0	27.548525591611497
363	0.0	0.0	27.472841091385536
364	0.0	0.0	27.3975713150328
365	0.0	0.0	27.322712863021167
366	0.0	0.0	27.248262372872762
367	0.0	0.0	27.174216518660472
368	0.0	0.0	27.10057201051263
369	0.0	0.0	27.02732559412577
370	0.0	0.0	26.95447405028522
371	0.0	0.0	26.882014194393456
372	0.0	0.0	26.80994287600603
373	0.0	0.0	26.738256978374945
374	0.0	0.0	26.666953417999352
375	0.0	0.0	26.596029144183383
376	0.0	0.0	26.525481138601066
377	0.0	0.0	26.455306414868108
378	0.0	0.0	26.385502018120476
379	0.0	0.0	26.316065024599645
380	0.0	0.0	26.24699254124434
381	0.0	0.0	26.17828170528872
382	0.0	0.0	26.10992968386687
383	0.0	0.0	26.04193367362343
384	0.0	0.0	25.97429090033033
385	0.0	0.0	25.906998618509476
386	0.0	0.0	25.84005411106125
387	0.0	0.0	25.773454688898827
388	0.0	0.0	25.70719769058806
389	0.0	0.0	25.641280481992958
390	0.0	0.0	25.575700455926555
391	0.0	0.0	25.51045503180719
392	0.0	0.0	25.44554165531996
393	0.0	0.0	25.380957798083397
394	0.0	0.0	25.31670095732115
395	0.0	0.0	25.252768655538684
396	0.0	0.0	25.18915844020485
397	0.0	0.0	25.125867883438254
398	0.0	0.0	25.06289458169834
399	0.0	0.0	25.000236155481122
400	0.0	0.0	24.93789024901945
401	0.0	0.0	24.875854529987755
402	0.0	0.0	24.814126689211214
403	0.0	0.0	24.75270444037919
404	0.0	0.0	24.691585519762963
405	0.0	0.0	24.63076768593759
406	0.0	0.0	24.57024871950791
407	0.0	0.0	24.51002642283854
408	0.0	0.0	24.450098619787855
409	0.0	0.0	24.390463155445858
410	0.0	0.0	24.33111789587586
411	0.0	0.0	24.27206072785995
412	0.0	0.0	24.21328955864815
413	0.0	0.0	24.154802315711184
414	0.0	0.0	24.09659694649686
415	0.0	0.0	24.03867141818995
416	0.0	0.0	23.98102371747551
417	0.0	0.0	23.923651850305617
418	0.0	0.0	23.866553841669443
419	0.0	0.0	23.80972773536661
420	0.0	0.0	23.75317159378377
421	0.0	0.0	23.69688349767437
422	0.0	0.0	23.640861545941554
423	0.0	0.0	23.585103855424098
424	0.0	0.0	23.529608560685407
425	0.0	0.0	23.474373813805467
426	0.0	0.0	23.419397784175725
427	0.0	0.0	23.364678658296828
428	0.0	0.0	23.31021463957923
429	0.0	0.0	23.25600394814652
430	0.0	0.0	23.20204482064157
431	0.0	0.0	23.14833551003529
432	0.0	0.0	23.094874285438095
433	0.0	0.0	23.041659431913953
434	0.0	0.0	22.988689250296993
435	0.0	0.0	22.93596205701066
436	0.0	0.0	22.883476183889332
437	0.0	0.0	22.831229978002376
438	0.0	0.0	22.77922180148065
439	0.0	0.0	22.7274500313453
440	0.0	0.0	22.675913059338974
441	0.0	0.0	22.624609291759246
442	0.0	0.0	22.57353714929434
443	0.0	0.0	22.522695066861083
444	0.0	0.0	22.472081493444996
445	0.0	0.0	22.421694891942593
446	0.0	0.0	22.371533739005752
447	0.0	0.0	22.3215965248882
448	0.0	0.0	22.27188175329403
449	0.0	0.0	22.222387941228238
450	0.0	0.0	22.173113618849285
451	0.0	0.0	22.124057329323556
452	0.0	0.0	22.075217628681795
453	0.0	0.0	22.026593085677415
454	0.0	0.0	21.978182281646685
455	0.0	0.0	21.92998381037075
456	0.0	0.0	21.88199627793947
457	0.0	0.0	21.834218302617046
458	0.0	0.0	21.78664851470938
459	0.0	0.0	21.739285556433188
460	0.0	0.0	21.692128081786826
461	0.0	0.0	21.645174756422744
462	0.0	0.0	21.59842425752166
463	0.0	0.0	21.551875273668312
464	0.0	0.0	21.505526504728824
465	0.0	0.0	21.459376661729664
466	0.0	0.0	21.413424466738153
467	0.0	0.0	21.367668652744488
468	0.0	0.0	21.322107963545307
469	0.0	0.0	21.276741153628702
470	0.0	0.0	21.231566988060738
471	0.0	0.0	21.18658424237337
472	0.0	0.0	21.141791702453826
473	0.0	0.0	21.097188164435362
474	0.0	0.0	21.0527724345894
475	0.0	0.0	21.008543329219037
476	0.0	0.0	20.96449967455388
477	0.0	0.0	20.920640306646227
478	0.0	0.0	20.876964071268493
479	0.0	0.0	20.833469823811996
480	0.0	0.0	20.790156429186933
481	0.0	0.0	20.74702276172365
482	0.0	0.0	20.70406770507511
483	0.0	0.0	20.661290152120603
484	0.0	0.0	20.618689004870586
485	0.0	0.0	20.576263174372777
486	0.0	0.0	20.534011580619346
487	0.0	0.0	20.491933152455267
488	0.0	0.0	20.450026827487807
489	0.0	0.0	20.408291551997095
490	0.0	0.0	20.366726280847825
491	0.0	0.0	20.32532997740197
492	0.0	0.0	20.28410161343265
493	0.0	0.0	20.243040169038956
494	0.0	0.0	20.202144632561865
495	0.0	0.0	20.161414000501146
496	0.0	0.0	20.12084727743328
497	0.0	0.0	20.08044347593037
498	0.0	0.0	20.04020161648001
499	0.0	0.0	20.00012072740614
500	0.0	0.0	19.960199844790825
501	0.0	0.0	19.920438012396982
502	0.0	0.0	19.88083428159204
503	0.0	0.0	19.84138771127247
504	0.0	0.0	19.80209736778927
505	0.0	0.0	19.762962324874266
506	0.0	0.0	19.723981663567354
507	0.0	0.0	19.685154472144536
508	0.0	0.0	19.646479846046866
509	0.0	0.0	19.607956887810175
510	0.0	0.0	19.569584706995666
511	0.0	0.0	19.531362420121297
512	0.0	0.0	19.493289150593977
513	0.0	0.0	19.455364028642546
514	0.0	0.0	19.417586191251544
515	0.0	0.0	19.379954782095755
516	0.0	0.0	19.342468951475475
517	0.0	0.0	19.30512785625259
518	0.0	0.0	19.26793065978734
519	0.0	0.0	19.230876531875836
520	0.0	0.0	19.193964648688304
521	0.0	0.0	19.157194192708005
522	0.0	0.0	19.120564352670904
523	0.0	0.0	19.08407432350599
524	0.0	0.0	19.047723306276303
525	0.0	0.0	19.011510508120605
526	0.0	0.0	18.975435142195757
527	0.0	0.0	18.939496427619712
528	0.0	0.0	18.903693589415173
529	0.0	0.0	18.868025858453898
530	0.0	0.0	18.832492471401597
531	0.0	0.0	18.797092670663503
532	0.0	0.0	18.76182570433051
533	0.0	0.0	18.726690826125942
534	0.0	0.0	18.691687295352914
535	0.0	0.0	18.656814376842277
536	0.0	0.0	18.622071340901144
537	0.0	0.0	18.587457463261995
538	0.0	0.0	18.55297202503236
539	0.0	0.0	18.51861431264503
540	0.0	0.0	18.484383617808852
541	0.0	0.0	18.450279237460045
542	0.0	0.0	18.416300473714067
543	0.0	0.0	18.382446633818024
544	0.0	0.0	18.348717030103572
545	0.0	0.0	18.315110979940354
546	0.0	0.0	18.28162780568996
547	0.0	0.0	18.248266834660374
548	0.0	0.0	18.215027399060915
549	0.0	0.0	18.181908835957685
550	0.0	0.0	18.1489104872295
551	0.0	0.0	18.11603169952428
552	0.0	0.0	18.083271824215952
553	0.0	0.0	18.05063021736177
554	0.0	0.0	18.01810623966013
555	0.0	0.0	17.985699256408843
556	0.0	0.0	17.953408637463827
557	0.0	0.0	17.921233757198284
558	0.0	0.0	17.889173994462272
559	0.0	0.0	17.857228732542755
560	0.0	0.0	17.825397359124025
561	0.0	0.0	17.793679266248628
562	0.0	0.0	17.762073850278593
563	0.0	0.0	17.7305805118572
564	0.0	0.0	17.699198655871058
565	0.0	0.0	17.66792769141261
566	0.0	0.0	17.636767031743073
567	0.0	0.0	17.605716094255726
568	0.0	0.0	17.57477430043959
569	0.0	0.0	17.54394107584351
570	0.0	0.0	17.513215850040602
571	0.0	0.0	17.482598056593076
572	0.0	0.0	17.45208713301743
573	0.0	0.0	17.421682520749986
574	0.0	0.0	17.391383665112823
575	0.0	0.0	17.36119001528004
576	0.0	0.0	17.331101024244376
577	0.0	0.0	17.301116148784164
578	0.0	0.0	17.271234849430662
579	0.0	0.0	17.24145659043568
580	0.0	0.0	17.211780839739564
581	0.0	0.0	17.182207068939515
582	0.0	0.0	17.152734753258223
583	0.0	0.0	17.123363371512813
584	0.0	0.0	17.094092406084147
585	0.0	0.0	17.064921342886393
586	0.0	0.0	17.035849671336944
587	0.0	0.0	17.00687688432661
588	0.0	0.0	16.97800247819015
589	0.0	0.0	16.949225952677075
590	0.0	0.0	16.920546810922765
591	0.0	0.0	16.89196455941986
592	0.0	0.0	16.863478707989966
593	0.0	0.0	16.835088769755615
594	0.0	0.0	16.806794261112543
595	0.0	0.0	16.778594701702218
596	0.0	0.0	16.750489614384666
597	0.0	0.0	16.722478525211542
598	0.0	0.0	16.694560963399514
599	0.0	0.0	16.66673646130386
600	0.0	0.0	16.63900455439237
601	0.0	0.0	16.611364781219493
602	0.0	0.0	16.58381668340074
603	0.0	0.0	16.556359805587352
604	0.0	0.0	16.52899369544119
605	0.0	0.0	16.501717903609915
606	0.0	0.0	16.47453198370239
607	0.0	0.0	16.447435492264315
608	0.0	0.0	16.42042798875412
609	0.0	0.0	16.393509035519102
610	0.0	0.0	16.36667819777176
611	0.0	0.0	16.339935043566403
612	0.0	0.0	16.31327914377598
613	0.0	0.0	16.28671007206909
614	0.0	0.0	16.2602274048873
615	0.0	0.0	16.23383072142259
616	0.0	0.0	16.207519603595095
617	0.0	0.0	16.181293636031022
618	0.0	0.0	16.155152406040795
619	0.0	0.0	16.129095503597398
620	0.0	0.0	16.103122521314948
621	0.0	0.0	16.077233054427456
622	0.0	0.0	16.051426700767802
623	0.0	0.0	16.025703060746913
624	0.0	0.0	16.000061737333137
625	0.0	0.0	15.97450233603181
626	0.0	0.0	15.949024464865037
627	0.0	0.0	15.923627734351635
628	0.0	0.0	15.89831175748731
629	0.0	0.0	15.873076149724973
630	0.0	0.0	15.84792052895529
631	0.0	0.0	15.82284451548738
632	0.0	0.0	15.797847732029723
633	0.0	0.0	15.77292980367123
634	0.0	0.0	15.748090357862505
635	0.0	0.0	15.723329024397268
636	0.0	0.0	15.698645435393974
637	0.0	0.0	15.674039225277584
638	0.0	0.0	15.649510030761528
639	0.0	0.0	15.625057490829812
640	0.0	0.0	15.600681246719322
641	0.0	0.0	15.576380941902261
642	0.0	0.0	15.55215622206878
643	0.0	0.0	15.528006735109752
644	0.0	0.0	15.503932131099713
645	0.0	0.0	15.479932062279959
646	0.0	0.0	15.456006183041803
647	0.0	0.0	15.43215414990998
648	0.0	0.0	15.40837562152622
649	0.0	0.0	15.384670258632953
650	0.0	0.0	15.36103772405718
651	0.0	0.0	15.337477682694482
652	0.0	0.0	15.313989801493188
653	0.0	0.0	15.290573749438677
654	0.0	0.0	15.267229197537821
655	0.0	0.0	15.243955818803592
656	0.0	0.0	15.220753288239777
657	0.0	0.0	15.197621282825866
658	0.0	0.0	15.174559481502051
659	0.0	0.0	15.151567565154375
660	0.0	0.0	15.12864521660001
661	0.0	0.0	15.10579212057268
662	0.0	0.0	15.083007963708198
663	0.0	0.0	15.060292434530144
664	0.0	0.0	15.037645223435675
665	0.0	0.0	15.015066022681458
666	0.0	0.0	14.992554526369721
667	0.0	0.0	14.970110430434458
668	0.0	0.0	14.94773343262772
669	0.0	0.0	14.925423232506052
670	0.0	0.0	14.903179531417052
671	0.0	0.0	14.881002032486045
672	0.0	0.0	14.858890440602861
673	0.0	0.0	14.836844462408765
674	0.0	0.0	14.814863806283466
675	0.0	0.0	14.792948182332267
676	0.0	0.0	14.771097302373326
677	0.0	0.0	14.749310879925007
678	0.0	0.0	14.727588630193374
679	0.0	0.0	14.705930270059781
680	0.0	0.0	14.684335518068561
681	0.0	0.0	14.662804094414845
682	0.0	0.0	14.64133572093247
683	0.0	0.0	14.619930121082005
684	0.0	0.0	14.598587019938869
685	0.0	0.0	14.577306144181568
686	0.0	0.0	14.55608722208003
687	0.0	0.0	14.534929983484028
688	0.0	0.0	14.513834159811726
689	0.0	0.0	14.492799484038304
690	0.0	0.0	14.4718256906847
691	0.0	0.0	14.450912515806438
692	0.0	0.0	14.430059696982553
693	0.0	0.0	14.40926697330462
694	0.0	0.0	14.388534085365864
695	0.0	0.0	14.36786077525038
696	0.0	0.0	14.347246786522437
697	0.0	0.0	14.326691864215867
698	0.0	0.0	14.306195754823564
699	0.0	0.0	14.285758206287055
700	0.0	0.0	14.265378967986166
701	0.0	0.0	14.245057790728783
702	0.0	0.0	14.224794426740694
703	0.0	0.0	14.204588629655511
704	0.0	0.0	14.184440154504696
705	0.0	0.0	14.164348757707655
706	0.0	0.0	14.14431419706192
707	0.0	0.0	14.124336231733425
708	0.0	0.0	14.104414622246843
709	0.0	0.0	14.084549130476029
710	0.0	0.0	14.064739519634525
711	0.0	0.0	14.044985554266155
712	0.0	0.0	14.025287000235696
713	0.0	0.0	14.005643624719623
714	0.0	0.0	13.986055196196943
715	0.0	0.0	13.966521484440097
716	0.0	0.0	13.947042260505931
717	0.0	0.0	13.927617296726767
718	0.0	0.0	13.908246366701524
719	0.0	0.0	13.88892924528692
720	0.0	0.0	13.869665708588755
721	0.0	0.0	13.850455533953257
722	0.0	0.0	13.831298499958505
723	0.0	0.0	13.812194386405924
724	0.0	0.0	13.793142974311838
725	0.0	0.0	13.77414404589912
726	0.0	0.0	13.755197384588875
727	0.0	0.0	13.736302774992225
728	0.0	0.0	13.717460002902138
729	0.0	0.0	13.698668855285336
730	0.0	0.0	13.679929120274267
731	0.0	0.0	13.661240587159142
732	0.0	0.0	13.642603046380037
733	0.0	0.0	13.624016289519059
734	0.0	0.0	13.60548010929258
735	0.0	0.0	13.586994299543527
736	0.0	0.0	13.568558655233742
737	0.0	0.0	13.550172972436402
738	0.0	0.0	13.531837048328494
739	0.0	0.0	13.51355068118337
740	0.0	0.0	13.495313670363327
741	0.0	0.0	13.477125816312292
742	0.0	0.0	13.45898692054853
743	0.0	0.0	13.440896785657424
744	0.0	0.0	13.422855215284319
745	0.0	0.0	13.404862014127414
746	0.0	0.0	13.386916987930714
747	0.0	0.0	13.36901994347704
748	0.0	0.0	13.351170688581098
749	0.0	0.0	13.333369032082588
750	0.0	0.0	13.315614783839399
751	0.0	0.0	13.297907754720818
752	0.0	0.0	13.280247756600827
753	0.0	0.0	13.262634602351442
754	0.0	0.0	13.245068105836094
755	0.0	0.0	13.227548081903073
756	0.0	0.0	13.210074346379036
757	0.0	0.0	13.192646716062537
758	0.0	0.0	13.175265008717634
759	0.0	0.0	13.157929043067533
760	0.0	0.0	13.140638638788289
761	0.0	0.0	13.123393616502547
762	0.0	0.0	13.10619379777335
763	0.0	0.0	13.089039005097975
764	0.0	0.0	13.07192906190183
765	0.0	0.0	13.054863792532396
766	0.0	0.0	13.037843022253213
767	0.0	0.0	13.020866577237921
768	0.0	0.0	13.00393428456434
769	0.0	0.0	12.987045972208598
770	0.0	0.0	12.970201469039306
771	0.0	0.0	12.953400604811776
772	0.0	0.0	12.936643210162291
773	0.0	0.0	12.919929116602404
774	0.0	0.0	12.903258156513303
775	0.0	0.0	12.886630163140195
776	0.0	0.0	12.870044970586758
777	0.0	0.0	12.853502413809613
778	0.0	0.0	12.83700232861286
779	0.0	0.0	12.820544551642636
780	0.0	0.0	12.804128920381729
781	0.0	0.0	12.787755273144224
782	0.0	0.0	12.771423449070209
783	0.0	0.0	12.75513328812048
784	0.0	0.0	12.738884631071342
785	0.0	0.0	12.722677319509403
786	0.0	0.0	12.706511195826433
787	0.0	0.0	12.690386103214255
788	0.0	0.0	12.67430188565967
789	0.0	0.0	12.658258387939432
790	0.0	0.0	12.642255455615247
791	0.0	0.0	12.62629293502883
792	0.0	0.0	12.610370673296972
793	0.0	0.0	12.594488518306667
794	0.0	0.0	12.578646318710266
795	0.0	0.0	12.562843923920672
796	0.0	0.0	12.547081184106569
797	0.0	0.0	12.531357950187676
798	0.0	0.0	12.515674073830064
799	0.0	0.0	12.500029407441478
800	0.0	0.0	12.484423804166711
801	0.0	0.0	12.468857117883015
802	0.0	0.0	12.453329203195526
803	0.0	0.0	12.437839915432752
804	0.0	0.0	12.422389110642074
805	0.0	0.0	12.406976645585287
806	0.0	0.0	12.391602377734166
807	0.0	0.0	12.37626616526609
808	0.0	0.0	12.360967867059662
809	0.0	0.0	12.345707342690394
810	0.0	0.0	12.330484452426402
811	0.0	0.0	12.315299057224149
812	0.0	0.0	12.300151018724197
813	0.0	0.0	12.285040199247028
814	0.0	0.0	12.269966461788847
815	0.0	0.0	12.254929670017464
816	0.0	0.0	12.239929688268168
817	0.0	0.0	12.224966381539653
818	0.0	0.0	12.21003961548997
819	0.0	0.0	12.195149256432503
820	0.0	0.0	12.180295171331975
821	0.0	0.0	12.165477227800496
822	0.0	0.0	12.15069529409362
823	0.0	0.0	12.135949239106447
824	0.0	0.0	12.121238932369739
825	0.0	0.0	12.106564244046083
826	0.0	0.0	12.091925044926064
827	0.0	0.0	12.077321206424472
828	0.0	0.0	12.062752600576541
829	0.0	0.0	12.048219100034208
830	0.0	0.0	12.033720578062404
831	0.0	0.0	12.019256908535372
832	0.0	0.0	12.004827965933005
833	0.0	0.0	11.99043362533722
834	0.0	0.0	11.976073762428344
835	0.0	0.0	11.961748253481554
836	0.0	0.0	11.947456975363297
837	0.0	0.0	11.933199805527785
838	0.0	0.0	11.918976622013483
839	0.0	0.0	11.904787303439624
840	0.0	0.0	11.890631729002772
841	0.0	0.0	11.87650977847338
842	0.0	0.0	11.862421332192396
843	0.0	0.0	11.84836627106787
844	0.0	0.0	11.83434447657162
845	0.0	0.0	11.820355830735874
846	0.0	0.0	11.806400216149983
847	0.0	0.0	11.792477515957122
848	0.0	0.0	11.778587613851041
849	0.0	0.0	11.76473039407281
850	0.0	0.0	11.750905741407621
851	0.0	0.0	11.737113541181582
852	0.0	0.0	11.723353679258551
853	0.0	0.0	11.709626042036987
854	0.0	0.0	11.695930516446825
855	0.0	0.0	11.682266989946369
856	0.0	0.0	11.668635350519212
857	0.0	0.0	11.655035486671169
858	0.0	0.0	11.641467287427249
859	0.0	0.0	11.627930642328622
860	0.0	0.0	11.614425441429635
861	0.0	0.0	11.600951575294822
862	0.0	0.0	11.58750893499596
863	0.0	0.0	11.574097412109126
864	0.0	0.0	11.560716898711787
865	0.0	0.0	11.547367287379899
866	0.0	0.0	11.53404847118504
867	0.0	0.0	11.520760343691546
868	0.0	0.0	11.50750279895368
869	0.0	0.0	11.494275731512825
870	0.0	0.0	11.481079036394668
871	0.0	0.0	11.467912609106445
872	0.0	0.0	11.454776345634166
873	0.0	0.0	11.441670142439879
874	0.0	0.0	11.428593896458963
875	0.0	0.0	11.41554750509741
876	0.0	0.0	11.402530866229146
877	0.0	0.0	11.389543878193376
878	0.0	0.0	11.376586439791923
879	0.0	0.0	11.36365845028661
880	0.0	0.0	11.350759809396644
881	0.0	0.0	11.337890417296023
882	0.0	0.0	11.325050174610967
883	0.0	0.0	11.31223898241735
884	0.0	0.0	11.29945674223817
885	0.0	0.0	11.286703356041016
886	0.0	0.0	11.273978726235573
887	0.0	0.0	11.261282755671116
888	0.0	0.0	11.248615347634061
889	0.0	0.0	11.235976405845484
890	0.0	0.0	11.2233658344587
891	0.0	0.0	11.210783538056832
892	0.0	0.0	11.19822942165041
893	0.0	0.0	11.18570339067497
894	0.0	0.0	11.173205350988693
895	0.0	0.0	11.160735208870035
896	0.0	0.0	11.148292871015393
897	0.0	0.0	11.135878244536771
898	0.0	0.0	11.123491236959476
899	0.0	0.0	11.11113175621981
900	0.0	0.0	11.098799710662806
901	0.0	0.0	11.086495009039949
902	0.0	0.0	11.074217560506925
903	0.0	0.0	11.061967274621393
904	0.0	0.0	11.049744061340766
905	0.0	0.0	11.037547831019992
906	0.0	0.0	11.025378494409374
907	0.0	0.0	11.013235962652386
908	0.0	0.0	11.001120147283519
909	0.0	0.0	10.989030960226122
910	0.0	0.0	10.976968313790275
911	0.0	0.0	10.964932120670666
912	0.0	0.0	10.952922293944484
913	0.0	0.0	10.940938747069328
914	0.0	0.0	10.928981393881129
915	0.0	0.0	10.917050148592086
916	0.0	0.0	10.905144925788603
917	0.0	0.0	10.893265640429272
918	0.0	0.0	10.881412207842827
919	0.0	0.0	10.869584543726145
920	0.0	0.0	10.85778256414224
921	0.0	0.0	10.846006185518288
922	0.0	0.0	10.834255324643642
923	0.0	0.0	10.822529898667879
924	0.0	0.0	10.810829825098848
925	0.0	0.0	10.799155021800745
926	0.0	0.0	10.78750540699218
927	0.0	0.0	10.775880899244273
928	0.0	0.0	10.764281417478756
929	0.0	0.0	10.75270688096609
930	0.0	0.0	10.741157209323585
931	0.0	0.0	10.72963232251355
932	0.0	0.0	10.718132140841433
933	0.0	0.0	10.706656584953993
934	0.0	0.0	10.69520557583747
935	0.0	0.0	10.68377903481577
936	0.0	0.0	10.672376883548669
937	0.0	0.0	10.660999044030017
938	0.0	0.0	10.649645438585965
939	0.0	0.0	10.638315989873192
940	0.0	0.0	10.627010620877146
941	0.0	0.0	10.61572925491031
942	0.0	0.0	10.604471815610458
943	0.0	0.0	10.593238226938938
944	0.0	0.0	10.582028413178955
945	0.0	0.0	10.570842298933874
946	0.0	0.0	10.559679809125527
947	0.0	0.0	10.548540868992532
948	0.0	0.0	10.537425404088632
949	0.0	0.0	10.526333340281024
950	0.0	0.0	10.515264603748722
951	0.0	0.0	10.504219120980915
952	0.0	0.0	10.493196818775337
953	0.0	0.0	10.48219762423665
954	0.0	0.0	10.471221464774844
955	0.0	0.0	10.460268268103635
956	0.0	0.0	10.449337962238877
957	0.0	0.0	10.438430475496986
958	0.0	0.0	10.427545736493377
959	0.0	0.0	10.416683674140897
960	0.0	0.0	10.40584421764829
961	0.0	0.0	10.395027296518649
962	0.0	0.0	10.384232840547893
963	0.0	0.0	10.373460779823246
964	0.0	0.0	10.362711044721728
965	0.0	0.0	10.351983565908656
966	0.0	0.0	10.341278274336153
967	0.0	0.0	10.330595101241665
968	0.0	0.0	10.319933978146489
969	0.0	0.0	10.309294836854312
970	0.0	0.0	10.298677609449758
971	0.0	0.0	10.288082228296934
972	0.0	0.0	10.277508626038008
973	0.0	0.0	10.266956735591767
974	0.0	0.0	10.25642649015221
975	0.0	0.0	10.245917823187128
976	0.0	0.0	10.235430668436713
977	0.0	0.0	10.224964959912159
978	0.0	0.0	10.21452063189428
979	0.0	0.0	10.20409761893213
980	0.0	0.0	10.193695855841645
981	0.0	0.0	10.183315277704274
982	0.0	0.0	10.172955819865635
983	0.0	0.0	10.16261741793417
984	0.0	0.0	10.152300007779814
985	0.0	0.0	10.142003525532665
986	0.0	0.0	10.131727907581665
987	0.0	0.0	10.121473090573296
988	0.0	0.0	10.111239011410277
989	0.0	0.0	10.101025607250257
990	0.0	0.0	10.090832815504553
991	0.0	0.0	10.080660573836848
992	0.0	0.0	10.070508820161935
993	0.0	0.0	10.060377492644443
994	0.0	0.0	10.050266529697595
995	0.0	0.0	10.040175869981947
996	0.0	0.0	10.030105452404154
997	0.0	0.0	10.020055216115736
998	0.0	0.0	10.010025100511854
999	0.0	0.0	10.000015045230088
1000	0.0	0.0	9.990024990149228
1001	0.0	0.0	9.980054875388074
1002	0.0	0.0	9.970104641304234
1003	0.0	0.0	9.960174228492935
1004	0.0	0.0	9.950263577785847
1005	0.0	0.0	9.9403726302499
1006	0.0	0.0	9.93050132718612
1007	0.0	0.0	9.920649610128468
1008	0.0	0.0	9.910817420842683
1009	0.0	0.0	9.901004701325142
1010	0.0	0.0	9.891211393801708
1011	0.0	0.0	9.8814374407266
1012	0.0	0.0	9.871682784781278
1013	0.0	0.0	9.8619473688733
1014	0.0	0.0	9.85223113613523
1015	0.0	0.0	9.842534029923518
1016	0.0	0.0	9.8328559938174
1017	0.0	0.0	9.823196971617808
1018	0.0	0.0	9.813556907346282
1019	0.0	0.0	9.803935745243885
1020	0.0	0.0	9.794333429770132
1021	0.0	0.0	9.784749905601917
1022	0.0	0.0	9.77518511763245
1023	0.0	0.0	9.765639010970212
1024	0.0	0.0	9.756111530937886
1025	0.0	0.0	9.746602623071334
1026	0.0	0.0	9.73711223311854
1027	0.0	0.0	9.727640307038591
1028	0.0	0.0	9.718186791000646
1029	0.0	0.0	9.708751631382919
1030	0.0	0.0	9.699334774771659
1031	0.0	0.0	9.689936167960152
1032	0.0	0.0	9.680555757947708
1033	0.0	0.0	9.671193491938677
1034	0.0	0.0	9.661849317341444
1035	0.0	0.0	9.652523181767458
1036	0.0	0.0	9.643215033030243
1037	0.0	0.0	9.633924819144429
1038	0.0	0.0	9.624652488324786
1039	0.0	0.0	9.615397988985256
1040	0.0	0.0	9.606161269738001
1041	0.0	0.0	9.596942279392453
1042	0.0	0.0	9.587740966954362
1043	0.0	0.0	9.57855728162486
1044	0.0	0.0	9.56939117279953
1045	0.0	0.0	9.560242590067467
1046	0.0	0.0	9.551111483210363
1047	0.0	0.0	9.541997802201582
1048	0.0	0.0	9.532901497205248
1049	0.0	0.0	9.523822518575342
1050	0.0	0.0	9.514760816854787
1051	0.0	0.0	9.505716342774564
1052	0.0	0.0	9.496689047252806
1053	0.0	0.0	9.48767888139392
1054	0.0	0.0	9.478685796487701
1055	0.0	0.0	9.469709744008448
1056	0.0	0.0	9.460750675614104
1057	0.0	0.0	9.451808543145377
1058	0.0	0.0	9.442883298624883
1059	0.0	0.0	9.43397489425628
1060	0.0	0.0	9.425083282423431
1061	0.0	0.0	9.416208415689537
1062	0.0	0.0	9.407350246796305
1063	0.0	0.0	9.398508728663106
1064	0.0	0.0	9.389683814386139
1065	0.0	0.0	9.380875457237607
1066	0.0	0.0	9.372083610664884
1067	0.0	0.0	9.363308228289704
1068	0.0	0.0	9.354549263907339
1069	0.0	0.0	9.345806671485787
1070	0.0	0.0	9.337080405164977
1071	0.0	0.0	9.32837041925595
1072	0.0	0.0	9.319676668240076
1073	0.0	0.0	9.310999106768252
1074	0.0	0.0	9.302337689660119
1075	0.0	0.0	9.293692371903276
1076	0.0	0.0	9.285063108652498
1077	0.0	0.0	9.276449855228966
1078	0.0	0.0	9.267852567119489
1079	0.0	0.0	9.259271199975743
1080	0.0	0.0	9.250705709613506
1081	0.0	0.0	9.242156052011898
1082	0.0	0.0	9.233622183312633
1083	0.0	0.0	9.225104059819257
1084	0.0	0.0	9.216601637996419
1085	0.0	0.0	9.208114874469114
1086	0.0	0.0	9.199643726021955
1087	0.0	0.0	9.191188149598434
1088	0.0	0.0	9.182748102300195
1089	0.0	0.0	9.174323541386308
1090	0.0	0.0	9.16591442427255
1091	0.0	0.0	9.157520708530683
1092	0.0	0.0	9.149142351887741
1093	0.0	0.0	9.140779312225327
1094	0.0	0.0	9.132431547578898
1095	0.0	0.0	9.124099016137066
1096	0.0	0.0	9.115781676240907
1097	0.0	0.0	9.107479486383255
1098	0.0	0.0	9.09919240520802
1099	0.0	0.0	9.0909203915095
1100	0.0	0.0	9.082663404231694
1101	0.0	0.0	9.074421402467625
1102	0.0	0.0	9.06619434545867
1103	0.0	0.0	9.057982192593878
1104	0.0	0.0	9.049784903409309
1105	0.0	0.0	9.041602437587368
1106	0.0	0.0	9.033434754956142
1107	0.0	0.0	9.025281815488743
1108	0.0	0.0	9.017143579302656
1109	0.0	0.0	9.009020006659089
1110	0.0	0.0	9.000911057962323
1111	0.0	0.0	8.992816693759071
1112	0.0	0.0	8.984736874737838
1113	0.0	0.0	8.976671561728283
1114	0.0	0.0	8.96862071570059
1115	0.0	0.0	8.960584297764832
1116	0.0	0.0	8.952562269170354
1117	0.0	0.0	8.944554591305137
1118	0.0	0.0	8.936561225695192
1119	0.0	0.0	8.928582134003934
1120	0.0	0.0	8.92061727803158
1121	0.0	0.0	8.912666619714523
1122	0.0	0.0	8.904730121124741
1123	0.0	0.0	8.896807744469188
1124	0.0	0.0	8.888899452089191
1125	0.0	0.0	8.881005206459857
1126	0.0	0.0	8.873124970189485
1127	0.0	0.0	8.86525870601896
1128	0.0	0.0	8.85740637682118
1129	0.0	0.0	8.84956794560047
1130	0.0	0.0	8.84174337549199
1131	0.0	0.0	8.833932629761176
1132	0.0	0.0	8.826135671803144
1133	0.0	0.0	8.818352465142135
1134	0.0	0.0	8.810582973430938
1135	0.0	0.0	8.802827160450326
1136	0.0	0.0	8.79508499010849
1137	0.0	0.0	8.787356426440489
1138	0.0	0.0	8.779641433607681
1139	0.0	0.0	8.771939975897173
1140	0.0	0.0	8.764252017721276
1141	0.0	0.0	8.75657752361695
1142	0.0	0.0	8.748916458245262
1143	0.0	0.0	8.741268786390838
1144	0.0	0.0	8.733634472961333
1145	0.0	0.0	8.726013482986888
1146	0.0	0.0	8.718405781619596
1147	0.0	0.0	8.710811334132973
1148	0.0	0.0	8.703230105921426
1149	0.0	0.0	8.695662062499732
1150	0.0	0.0	8.688107169502516
1151	0.0	0.0	8.68056539268372
1152	0.0	0.0	8.673036697916103
1153	0.0	0.0	8.66552105119071
1154	0.0	0.0	8.658018418616368
1155	0.0	0.0	8.650528766419177
1156	0.0	0.0	8.643052060941999
1157	0.0	0.0	8.635588268643959
1158	0.0	0.0	8.628137356099936
1159	0.0	0.0	8.620699290000076
1160	0.0	0.0	8.61327403714928
1161	0.0	0.0	8.605861564466723
1162	0.0	0.0	8.59846183898536
1163	0.0	0.0	8.59107482785143
1164	0.0	0.0	8.583700498323982
1165	0.0	0.0	8.576338817774376
1166	0.0	0.0	8.568989753685818
1167	0.0	0.0	8.561653273652873
1168	0.0	0.0	8.554329345380982
1169	0.0	0.0	8.547017936686002
1170	0.0	0.0	8.539719015493725
1171	0.0	0.0	8.532432549839417
1172	0.0	0.0	8.525158507867337
1173	0.0	0.0	8.51789685783029
1174	0.0	0.0	8.510647568089157
1175	0.0	0.0	8.503410607112425
1176	0.0	0.0	8.496185943475757
1177	0.0	0.0	8.488973545861507
1178	0.0	0.0	8.481773383058288
1179	0.0	0.0	8.474585423960514
1180	0.0	0.0	8.46740963756795
1181	0.0	0.0	8.460245992985273
1182	0.0	0.0	8.453094459421623
1183	0.0	0.0	8.445955006190163
1184	0.0	0.0	8.438827602707644
1185	0.0	0.0	8.43171221849396
1186	0.0	0.0	8.424608823171726
1187	0.0	0.0	8.417517386465828
1188	0.0	0.0	8.410437878203014
1189	0.0	0.0	8.403370268311448
1190	0.0	0.0	8.396314526820296
1191	0.0	0.0	8.389270623859295
1192	0.0	0.0	8.38223852965833
1193	0.0	0.0	8.375218214547031
1194	0.0	0.0	8.368209648954332
1195	0.0	0.0	8.361212803408074
1196	0.0	0.0	8.354227648534582
1197	0.0	0.0	8.347254155058257
1198	0.0	0.0	8.340292293801172
1199	0.0	0.0	8.333342035682655
1200	0.0	0.0	8.32640335171889
1201	0.0	0.0	8.319476213022515
1202	0.0	0.0	8.31256059080222
1203	0.0	0.0	8.30565645636235
1204	0.0	0.0	8.298763781102496
1205	0.0	0.0	8.291882536517122
1206	0.0	0.0	8.285012694195153
1207	0.0	0.0	8.278154225819591
1208	0.0	0.0	8.271307103167128
1209	0.0	0.0	8.264471298107757
1210	0.0	0.0	8.257646782604384
1211	0.0	0.0	8.25083352871245
1212	0.0	0.0	8.24403150857954
1213	0.0	0.0	8.237240694445024
1214	0.0	0.0	8.230461058639651
1215	0.0	0.0	8.223692573585195
1216	0.0	0.0	8.216935211794071
1217	0.0	0.0	8.21018894586897
1218	0.0	0.0	8.20345374850248
1219	0.0	0.0	8.196729592476721
1220	0.0	0.0	8.190016450662986
1221	0.0	0.0	8.183314296021361
1222	0.0	0.0	8.176623101600379
1223	0.0	0.0	8.16994284053664
1224	0.0	0.0	8.163273486054473
1225	0.0	0.0	8.15661501146556
1226	0.0	0.0	8.149967390168586
1227	0.0	0.0	8.143330595648889
1228	0.0	0.0	8.136704601478103
1229	0.0	0.0	8.130089381313809
1230	0.0	0.0	8.123484908899183
1231	0.0	0.0	8.116891158062653
1232	0.0	0.0	8.110308102717553
1233	0.0	0.0	8.103735716861772
1234	0.0	0.0	8.09717397457742
1235	0.0	0.0	8.090622850030483
1236	0.0	0.0	8.084082317470488
1237	0.0	0.0	8.077552351230157
1238	0.0	0.0	8.071032925725083
1239	0.0	0.0	8.064524015453385
1240	0.0	0.0	8.058025594995382
1241	0.0	0.0	8.051537639013262
1242	0.0	0.0	8.04506012225075
1243	0.0	0.0	8.038593019532778
1244	0.0	0.0	8.032136305765167
1245	0.0	0.0	8.025689955934295
1246	0.0	0.0	8.019253945106778
1247	0.0	0.0	8.012828248429143
1248	0.0	0.0	8.006412841127519
1249	0.0	0.0	8.000007698507307
1250	0.0	0.0	7.993612795952868
1251	0.0	0.0	7.987228108927208
1252	0.0	0.0	7.980853612971666
1253	0.0	0.0	7.974489283705598
1254	0.0	0.0	7.968135096826066
1255	0.0	0.0	7.961791028107531
1256	0.0	0.0	7.955457053401548
1257	0.0	0.0	7.9491331486364505
1258	0.0	0.0	7.942819289817055
1259	0.0	0.0	7.9365154530243505
1260	0.0	0.0	7.930221614415203
1261	0.0	0.0	7.923937750222048
1262	0.0	0.0	7.917663836752597
1263	0.0	0.0	7.911399850389536
1264	0.0	0.0	7.905145767590232
1265	0.0	0.0	7.898901564886437
1266	0.0	0.0	7.89266721888399
1267	0.0	0.0	7.886442706262534
1268	0.0	0.0	7.88022800377522
1269	0.0	0.0	7.874023088248412
1270	0.0	0.0	7.867827936581412
1271	0.0	0.0	7.861642525746161
1272	0.0	0.0	7.855466832786961
1273	0.0	0.0	7.849300834820188
1274	0.0	0.0	7.84314450903401
1275	0.0	0.0	7.836997832688107
1276	0.0	0.0	7.83086078311339
1277	0.0	0.0	7.824733337711717
1278	0.0	0.0	7.818615473955628
1279	0.0	0.0	7.8125071693880574
1280	0.0	0.0	7.806408401622065
1281	0.0	0.0	7.800319148340559
1282	0.0	0.0	7.794239387296029
1283	0.0	0.0	7.788169096310268
1284	0.0	0.0	7.78210825327411
1285	0.0	0.0	7.7760568361471565
1286	0.0	0.0	7.770014822957509
1287	0.0	0.0	7.76398219180151
1288	0.0	0.0	7.7579589208434685
1289	0.0	0.0	7.751944988315403
1290	0.0	0.0	7.745940372516779
1291	0.0	0.0	7.739945051814245
1292	0.0	0.0	7.733959004641375
1293	0.0	0.0	7.727982209498408
1294	0.0	0.0	7.722014644951995
1295	0.0	0.0	7.716056289634936
1296	0.0	0.0	7.71010712224593
1297	0.0	0.0	7.70416712154932
1298	0.0	0.0	7.69823626637484
1299	0.0	0.0	7.6923145356173634
1300	0.0	0.0	7.686401908236653
1301	0.0	0.0	7.6804983632571115
1302	0.0	0.0	7.674603879767535
1303	0.0	0.0	7.6687184369208605
1304	0.0	0.0	7.66284201393393
1305	0.0	0.0	7.656974590087235
1306	0.0	0.0	7.651116144724682
1307	0.0	0.0	7.645266657253344
1308	0.0	0.0	7.639426107143222
1309	0.0	0.0	7.633594473927005
1310	0.0	0.0	7.62777173719983
1311	0.0	0.0	7.621957876619043
1312	0.0	0.0	7.616152871903966
1313	0.0	0.0	7.610356702835655
1314	0.0	0.0	7.604569349256671
1315	0.0	0.0	7.5987907910708445
1316	0.0	0.0	7.59302100824304
1317	0.0	0.0	7.5872599807989305
1318	0.0	0.0	7.581507688824759
1319	0.0	0.0	7.575764112467119
1320	0.0	0.0	7.570029231932714
1321	0.0	0.0	7.564303027488142
1322	0.0	0.0	7.558585479459662
1323	0.0	0.0	7.55287656823297
1324	0.0	0.0	7.547176274252978
1325	0.0	0.0	7.5414845780235815
1326	0.0	0.0	7.535801460107452
1327	0.0	0.0	7.530126901125802
1328	0.0	0.0	7.524460881758169
1329	0.0	0.0	7.518803382742204
1330	0.0	0.0	7.513154384873441
1331	0.0	0.0	7.507513869005086
1332	0.0	0.0	7.501881816047803
1333	0.0	0.0	7.4962582069694905
1334	0.0	0.0	7.490643022795077
1335	0.0	0.0	7.4850362446063015
1336	0.0	0.0	7.479437853541501
1337	0.0	0.0	7.473847830795402
1338	0.0	0.0	7.468266157618908
1339	0.0	0.0	7.4626928153188885
1340	0.0	0.0	7.457127785257974
1341	0.0	0.0	7.451571048854346
1342	0.0	0.0	7.44602258758153
1343	0.0	0.0	7.44048238296819
1344	0.0	0.0	7.434950416597923
1345	0.0	0.0	7.4294266701090566
1346	0.0	0.0	7.4239111251944445
1347	0.0	0.0	7.4184037636012645
1348	0.0	0.0	7.412904567130816
1349	0.0	0.0	7.407413517638323
1350	0.0	0.0	7.401930597032731
1351	0.0	0.0	7.3964557872765075
1352	0.0	0.0	7.390989070385451
1353	0.0	0.0	7.385530428428484
1354	0.0	0.0	7.380079843527466
1355	0.0	0.0	7.374637297856993
1356	0.0	0.0	7.369202773644206
1357	0.0	0.0	7.363776253168595
1358	0.0	0.0	7.358357718761808
1359	0.0	0.0	7.3529471528074595
1360	0.0	0.0	7.347544537740939
1361	0.0	0.0	7.34214985604922
1362	0.0	0.0	7.336763090270673
1363	0.0	0.0	7.331384222994875
1364	0.0	0.0	7.326013236862423
1365	0.0	0.0	7.320650114564747
1366	0.0	0.0	7.315294838843925
1367	0.0	0.0	7.309947392492494
1368	0.0	0.0	7.304607758353273
1369	0.0	0.0	7.2992759193191725
1370	0.0	0.0	7.293951858333013
1371	0.0	0.0	7.288635558387349
1372	0.0	0.0	7.2833270025242784
1373	0.0	0.0	7.278026173835273
1374	0.0	0.0	7.2727330554609875
1375	0.0	0.0	7.267447630591089
1376	0.0	0.0	7.26216988246408
1377	0.0	0.0	7.25689979436711
1378	0.0	0.0	7.251637349635813
1379	0.0	0.0	7.246382531654125
1380	0.0	0.0	7.241135323854108
1381	0.0	0.0	7.235895709715778
1382	0.0	0.0	7.230663672766933
1383	0.0	0.0	7.225439196582976
1384	0.0	0.0	7.220222264786749
1385	0.0	0.0	7.215012861048356
1386	0.0	0.0	7.209810969084996
1387	0.0	0.0	7.204616572660796
1388	0.0	0.0	7.1994296555866315
1389	0.0	0.0	7.194250201719973
1390	0.0	0.0	7.189078194964707
1391	0.0	0.0	7.183913619270975
1392	0.0	0.0	7.1787564586350046
1393	0.0	0.0	7.173606697098946
1394	0.0	0.0	7.168464318750709
1395	0.0	0.0	7.163329307723792
1396	0.0	0.0	7.158201648197129
1397	0.0	0.0	7.153081324394919
1398	0.0	0.0	7.147968320586467
1399	0.0	0.0	7.142862621086025
1400	0.0	0.0	7.1377642102526275
1401	0.0	0.0	7.1326730724899345
1402	0.0	0.0	7.127589192246073
1403	0.0	0.0	7.122512554013476
1404	0.0	0.0	7.117443142328728
1405	0.0	0.0	7.112380941772404
1406	0.0	0.0	7.107325936968917
1407	0.0	0.0	7.10227811258636
1408	0.0	0.0	7.097237453336354
1409	0.0	0.0	7.092203943973889
1410	0.0	0.0	7.0871775692971735
1411	0.0	0.0	7.082158314147481
1412	0.0	0.0	7.0771461634089965
1413	0.0	0.0	7.072141102008667
1414	0.0	0.0	7.067143114916048
1415	0.0	0.0	7.062152187143154
1416	0.0	0.0	7.05716830374431
1417	0.0	0.0	7.052191449815999
1418	0.0	0.0	7.047221610496717
1419	0.0	0.0	7.042258770966822
1420	0.0	0.0	7.037302916448392
1421	0.0	0.0	7.0323540322050695
1422	0.0	0.0	7.0274121035419235
1423	0.0	0.0	7.022477115805301
1424	0.0	0.0	7.01754905438268
1425	0.0	0