0	7.5e-3	0.0	66.66666666666667
1	1.5e-4	1.5e-4	50.0
2	3.9375e-6	1.984313483298443e-3	38.095238095238095
3	1.35e-7	5.129927840030093e-3	29.166666666666668
4	5.934375e-9	8.776952471709815e-3	22.748815165876778
5	3.24e-10	1.2650538190282496e-2	18.31597222222222
6	2.12298046875e-11	1.664016646030287e-2	15.261562919171345
7	1.62135e-12	2.068696036040122e-2	13.093906119900083
8	1.41115447265625e-13	2.4756931759811238e-2	11.48952883200727
9	1.3763115e-14	2.8830847930877253e-2	10.253161967012918
10	1.4850124677246094e-15	3.289826616696653e-2	9.268013096946149
11	1.75490226e-16	3.695382157541731e-2	8.462080775510595
12	2.2530628205925293e-17	4.0995020546892025e-2	7.788962846311055
13	3.1217145174e-18	4.502097129048131e-2	7.217389059871658
14	4.641652455250599e-19	4.903166212771156e-2	6.725437863984716
15	7.3709524476135e-20	5.302755144408403e-2	6.297222086615727
16	1.244902947775221e-20	5.700933412859006e-2	5.920905288871078
17	2.2280288427805365e-21	6.097780852892393e-2	5.58746333921605
18	4.211869282476113e-22	6.493380117724654e-2	5.289881269702421
19	8.385809834576763e-23	6.887812500854176e-2	5.022614828575693
20	1.753906248830001e-23	7.281155711399176e-2	4.781218973460403
21	3.844527685924405e-24	7.673482790734182e-2	4.562085104111507
22	8.813173625065073e-25	8.064861692715562e-2	4.362251158867892
23	2.108787179497315e-25	8.455355244138801e-2	4.179261762756887
24	5.257426543228264e-26	8.845021316430662e-2	4.011063515882122
25	1.3634668601101114e-26	9.233913107629972e-2	3.8559254332031823
26	3.672759000967804e-27	9.62207947458841e-2	3.712377696850858
27	1.026149976774513e-27	0.10009565280058193	3.5791639468845973
28	2.9698682339547423e-28	0.10396411734371716	3.455203719284438
29	8.892985709906794e-29	0.10782656720573217	3.3395625843031618
30	2.7520294973343124e-29	0.11168335097418797	3.2314281945454333
31	8.792171127499381e-30	0.11553478978002314	3.13009091545859
32	2.8969949216563493e-30	0.11938117983736353	3.034928042770776
33	9.835689275171175e-31	0.12322279474541832	2.9453908522399224
34	3.437857473778909e-31	0.12705988756701003	2.8609939039618584
35	1.236058629426517e-31	0.13089269270109272	2.781306154849581
36	4.5679394823226377e-32	0.13472142756748515	2.7059435314541957
37	1.7338511244213373e-32	0.13854629412178063	2.6345626899467285
38	6.754766512949933e-33	0.1423674802174945	2.566855747119129
39	2.6991579875990274e-33	0.1461851608312818	2.502545810205973
40	1.1055855646065139e-33	0.14999949916569671	2.4413831674436506
41	4.639192929480452e-34	0.15381064764258373	2.383142027961164
42	1.993107754947416e-34	0.15761874879885704	2.3276177205997817
43	8.762360334897664e-35	0.16142393609517516	2.2746242779009083
44	3.939923784140039e-35	0.16522633464687103	2.2239923447682157
45	1.810986804202912e-35	0.1690260618854546	2.1755673619467135
46	8.50544812264269e-36	0.17282322815807233	2.12920798303597
47	4.079772918792905e-36	0.17661793727147146	2.0847846907026435
48	1.9977552168675423e-36	0.18041028698627576	2.042178583415211
49	9.982385816870957e-37	0.18420036946672222	2.0012803086524578
50	5.0878905001062126e-37	0.18798827169042662	1.9619891223410897
51	2.6441423025567196e-37	0.19177407582223413	1.9242120574170845
52	1.4006005947649937e-37	0.1955578595557568	1.8878631870068423
53	7.559115906177179e-38	0.19933969642580301	1.8528629698883794
54	4.155329220209261e-38	0.20311965609454943	1.8191376677000106
55	2.325806244928556e-38	0.20689780461399815	1.786618824878469
56	1.3250624017270542e-38	0.21067420466698542	1.7552428035820478
57	7.68174219462414e-39	0.21444891578876749	1.7249503669289543
58	4.5301670320281283e-39	0.21822199457099464	1.6956863047906363
59	2.7169062522377117e-39	0.22199349484969536	1.6673990971521264
60	1.656609131808686e-39	0.22576346787872434	1.6400406107090533
61	1.0266758915013012e-39	0.2295319624899801	1.6135658249325768
62	6.465487903219558e-40	0.23329902524156482	1.5879325843144136
63	4.136320273980371e-40	0.23706470055494266	1.563101373917024
64	2.6876061707490955e-40	0.24082903084204796	1.5390351157094888
65	1.7731793713979893e-40	0.24459205662320158	1.5156989834763104
66	1.1876140899083739e-40	0.2483538166366107	1.4930602343517099
67	8.073031968822822e-41	0.25211434794015375	1.4710880552620271
68	5.568555205381535e-41	0.25587368600608507	1.4497534227587299
69	3.8967405862267883e-41	0.2596318648092353	1.429028974898625
70	2.7658253272331406e-41	0.26338891690922994	1.4088888939797894
71	1.9907923487387593e-41	0.2671448735272011	1.3893087990745963
72	1.4528513887001207e-41	0.2708997646174239	1.37026564741762
73	1.0748027883627126e-41	0.2746536189342714	1.3517376438084086
74	8.058779621378008e-42	0.278406464094847	1.333704157278999
75	6.123015075072317e-42	0.2821583266376205	1.316145644355257
76	4.7134793453451116e-42	0.2859092320773686	1.2990435783110454
77	3.6755703725742134e-42	0.2896592049566913	1.282380383876038
78	2.902974537871484e-42	0.2934082688943575	1.2661393769127618
79	2.3218136489778436e-42	0.297156446630706	1.2503047086270214
80	1.880222194028587e-42	0.30090376007031533	1.23486131391902
81	1.541424915170874e-42	0.3046502303221344	1.2197948635209104
82	1.2790934416855632e-42	0.308395877737251	1.2050917196007318
83	1.0742014454614755e-42	0.3121407219444642	1.1907388945432542
84	9.128745856442706e-43	0.3158847818838075	1.176724012645556
85	7.849070493970016e-43	0.31962807583816516	1.1630352744896089
86	6.827288740531813e-43	0.3233706214631072	1.1496614237760525
87	6.0068084624249336e-43	0.32711243581506166	1.1365917164230093
88	5.345011141516615e-43	0.33085353537793466	1.1238158917514505
89	4.809587880102396e-43	0.33459393608827726	1.1113241455945329
90	4.3759046387960194e-43	0.33833365335909366	1.099107105182644
91	4.025094302011286e-43	0.34207270210237767	1.0871558056688109
92	3.742666448407585e-43	0.34581109675045624	1.0754616681707951
93	3.5174891756964987e-43	0.34954885127621566	1.0640164792167408
94	3.3410408833966368e-43	0.35328597921227967	1.0528123714907907
95	3.206860067285682e-43	0.35702249366920197	1.0418418057837262
96	3.1101422505113202e-43	0.3607584073527354	1.031097554061542
97	3.04744806575256e-43	0.3644937325802307	1.0205726835719768
98	3.016497170100744e-43	0.36822848129621866	1.0102605419155033
99	3.0160304604594885e-43	0.3719626650872219	1.0001547430131672
100	3.04572889414108e-43	0.3756962951958436	0.9902491539090296
101	3.1061817691755113e-43	0.3794293825341717	0.9805378823498544
102	3.1989010686565524e-43	0.38316193769654183	0.9710152650891513
103	3.3263818009104857e-43	0.3868939709716914	0.9616758568667494
104	3.4922114888767685e-43	0.3906254923543421	0.9525144200188117
105	3.7012353710218325e-43	0.39435651155624085	0.9435259146766024
106	3.959787775442054e-43	0.3980870380166902	0.9347054895154432
107	4.276004864557909e-43	0.40181708091259527	0.9260484730181548
108	4.660239946101608e-43	0.40554664916805444	0.9175503652199025
109	5.125610359300546e-43	0.4092757514635174	0.9092068299037768
110	5.688715312552969e-43	0.4130043962445346	0.90101368721865
111	6.370577979895336e-43	0.41673259173011823	0.8929669066928885
112	7.197884054119098e-43	0.4204603459207372	0.885062600619369
113	8.204614752093524e-43	0.42418766660596335	0.8772970177889774
114	9.434207708157383e-43	0.4279145613717877	0.8696665375513538
115	1.0942428137914541e-42	0.43164103760762346	0.862167664183116
116	1.280120059161508e-42	0.4353671025130118	0.8547970215451468
117	1.5103746364918974e-42	0.4390927631040452	0.8475513480117789
118	1.7971504400885927e-42	0.4428180262195225	0.840427491655869
119	2.156350042729469e-42	0.4465428985268487	0.833422405674819
120	2.608909344131208e-42	0.450267386527693	0.8265331440435907
121	3.182540433347657e-42	0.45399149656341536	0.8197568573816807
122	3.914126781802807e-42	0.45771523482027426	0.8130907890218648
123	4.853031826789519e-42	0.4614386073344247	0.8065322712693116
124	6.065692905350903e-42	0.46516161999671823	0.8000787218403976
125	7.642033105650396e-42	0.46888427855731213	0.7937276404712285
126	9.704457313989943e-42	0.4726065886300991	0.7874766056865069
127	1.2420540466722554e-41	0.47632855569696353	0.7813232717199696
128	1.6021018116112812e-41	0.4800501851118742	0.7752653655781618
129	2.0825430737714427e-41	0.48377148210481974	0.769300684239826
130	2.727887306645444e-41	0.4874924517855943	0.7634270919836501
131	3.6004939564786737e-41	0.49121309914744093	0.7576425178375664
132	4.788241401751948e-41	0.49493342907055726	0.7519449531431948
133	6.415695052112227e-41	0.49865344632547226	0.7463324492294136
134	8.660459062016745e-41	0.5023731555762966	0.7408031151893946
135	1.1777247314198442e-40	0.5060925613838554	0.7353551157557716
136	1.6133510117374078e-40	0.5098116682087056	0.7299866692689272
137	2.2262450874891725e-40	0.5135304804140455	0.7246960457336683
138	3.0942350657913555e-40	0.5172490022685183	0.7194815649598383
139	4.331590220128181e-40	0.5209672379489176	0.714341594782664
140	6.1070712660471935e-40	0.5246851915427956	0.7092745493588789
141	8.671381996730267e-40	0.5284028670509798	0.7042788875348817
142	1.2399146949982335e-39	0.5321202683900031	0.6993531112834034
143	1.7853452229718877e-39	0.5358373993944483	0.6944957642053508
144	2.5885619353894332e-39	0.539554263819212	0.6897054300936762
145	3.7790288341514834e-39	0.5432708653416919	0.6849807315562996
146	5.554778645816719e-39	0.5469872075638991	0.6803203286952676
147	8.220497631747038e-39	0.5507032940144987	0.6757229178394891
148	1.2247696708596972e-38	0.5544191281507836	0.6711872303285287
149	1.8370295019106798e-38	0.5581347133605808	0.6667120313450731
150	2.773728321489053e-38	0.5618500529640951	0.6622961187938139
151	4.2157877536462424e-38	0.5655651502156928	0.6579383222246069
152	6.449733594003383e-38	0.5692800083056268	0.6536375017978815
153	9.93194889734291e-38	0.5729946303617052	0.6493925472903789
154	1.5393540459937123e-37	0.5767090194509069	0.6452023771393964
155	2.401241363625784e-37	0.5804231785809452	0.6410659375238088
156	3.769715006236832e-37	0.5841371107017805	0.6369822014802268
157	5.955784825580071e-37	0.5878508187070872	0.6329501680527344
158	9.469125087712123e-37	0.5915643054356726	0.6289688614747273
159	1.514969527009428e-36	0.5952775736728525	0.6250373303814443
160	2.4389570845196323e-36	0.5989906261517837	0.621154647051861
161	3.950880342806056e-36	0.6027034655547553	0.6173199066786715
162	6.439564494078825e-36	0.6064160945144405	0.6135322266651555
163	1.0560285699432847e-35	0.6101285156151103	0.6097907459477796
164	1.7423493420474353e-35	0.6138407313938101	0.6060946243434425
165	2.8921395398535807e-35	0.6175527443415012	0.6024430419203233
166	4.829608459260183e-35	0.6212645569041678	0.5988351983913431
167	8.113303078628632e-35	0.6249761714838913	0.5952703125292983
168	1.3710748945054495e-34	0.628687590439892	0.5917476216027662
169	2.3307041489715447e-34	0.6323988160895417	0.588266380831928
170	3.985295960680806e-34	0.6361098507093451	0.5848258628634929
171	6.854355268292198e-34	0.6398206965358935	0.5814253572639465
172	1.1857429717416941e-33	0.6435313557667901	0.5780641700303809
173	2.0630887411782943e-33	0.6472418305615502	0.5747416231181987
174	3.610225347279358e-33	0.650952123042474	0.5714570539850164
175	6.353683535588913e-33	0.6546622352954952	0.5682098151501233
176	1.1245472039647253e-32	0.658372169371006	0.5649992737688773
177	2.0015976181611948e-32	0.6620819272846583	0.5618248112214541
178	3.582689119320789e-32	0.6657915110181428	0.5586858227153854
179	6.448536750457781e-32	0.6695009225199465	0.5555817169013505
180	1.1671308019850005e-31	0.6732101637060887	0.5525119155017086
181	2.124080240680715e-31	0.6769192364608371	0.5494758529512821
182	3.8868898074965033e-31	0.6806281426374049	0.5464729760499202
183	7.1515550805909914e-31	0.6843368840586279	0.5435027436263971
184	1.3229787399684962e-30	0.6880454625176239	0.5405646262132141
185	2.4606319998981e-30	0.6917538797784336	0.5376581057318948
186	4.6011812163348824e-30	0.695462137576646	0.5347826751883815
187	8.649847565579423e-30	0.6991702376200049	0.5319378383781571
188	1.6347514233703605e-29	0.7028781815890007	0.5291231096007286
189	3.1058965565924057e-29	0.7065859711374471	0.526338013383133
190	5.932014578508864e-29	0.7102936078930411	0.5235820842121292
191	1.1388997132609299e-28	0.7140010934579091	0.520854866274762
192	2.19798652149311e-28	0.7177084294091396	0.5181559132069954
193	4.2639212122243775e-28	0.7214156172993009	0.5154847878501201
194	8.314313201586983e-28	0.7251226586569461	0.5128410620146602
195	1.629540760164113e-27	0.7288295549871056	0.5102243162515087
196	3.210069286025019e-27	0.7325363077717657	0.5076341396300356
197	6.3556902267358015e-27	0.736242918470337	0.5050701295229217
198	1.2647337085535734e-26	0.7399493885201092	0.5025318913974829
199	2.529371105670632e-26	0.7436557193366958	0.5000190386132543
200	5.083844279905193e-26	0.747361912314467	0.4975311922256205
201	1.0268982194603836e-25	0.7510679688269719	0.4950679807952789
202	2.084526358893748e-25	0.7547738902273506	0.492629040203337
203	4.252278191989008e-25	0.7584796778487363	0.4902140134718486
204	8.716854493195334e-25	0.7621853330046465	0.4878225505896052
205	1.795607607840277e-24	0.7658908569893664	0.4854543083430016
206	3.716775703029407e-24	0.7695962510783211	0.4831089501518059
207	7.730621472041601e-24	0.7733015165284406	0.48078614590966817
208	1.6156435903569895e-23	0.7770066545785148	0.4784855718292088
209	3.392734451013935e-23	0.7807116664495408	0.47620691029153395
210	7.158424996149354e-23	0.784416553345061	0.47394984970003146
211	1.517534717283414e-22	0.7881213164514945	0.47171408433830586
212	3.2322405406819425e-22	0.7918259569384596	0.4694993142321154
213	6.916764952160834e-22	0.7955304759590892	0.46730524501518206
214	1.4870555201152211e-21	0.799234874650339	0.46513158779874636
215	3.2119351901544348e-21	0.8029391541332883	0.46297805904474715
216	6.969674203405269e-21	0.8066433155134335	0.46084438044250847
217	1.5193403456617683e-20	0.8103473598809756	0.45873027878882117
218	3.327249836404412e-20	0.8140512883111011	0.4566354858713109
219	7.319719622431676e-20	0.8177551018642553	0.4545597383549877
220	1.6176076664305988e-19	0.8214588015864107	0.45250277767187613
221	3.5909782133497438e-19	0.8251623885093292	0.4504643499136294
222	8.007636552083276e-19	0.8288658636508176	0.44844420572703325
223	1.793656231855189e-18	0.8325692280149781	0.44644210021230946
224	4.0356053168920864e-18	0.8362724825924529	0.4444577928241321
225	9.120196536725753e-18	0.8399756283606634	0.4424910472752719
226	2.0702235352551843e-17	0.8436786662840445	0.4405416314427882
227	4.719971632406555e-17	0.8473815973142731	0.4386093172766902
228	1.0808421736347339e-16	0.8510844223904919	0.43669388071099174
229	2.485865571425043e-16	0.8547871424395284	0.43479510157708656
230	5.742185911120149e-16	0.8584897583761092	0.43291276351937485
231	1.332149515369668e-15	0.8621922711030696	0.4310466539130713
232	3.1038214836213987e-15	0.8658946815115584	0.42919656378413107
233	7.262740706717235e-15	0.8695969904812383	0.42736228773122875
234	1.7066971045210372e-14	0.8732991988804829	0.42554362384972994
235	4.027695283763863e-14	0.8770013075665686	0.4237403736575962
236	9.54537961432321e-14	0.8807033173858626	0.42195234202316595
237	2.2717394149657052e-13	0.884405229174007	0.4201793370947569
238	5.429312799125129e-13	0.8881070437560993	0.41842117023203557
239	1.3030007061186445e-12	0.8918087619468689	0.41667765593910305
240	3.140149572904314e-12	0.8955103845508496	0.41494861179924736
241	7.598964869376115e-12	0.8992119123625496	0.4132338584113134
242	1.8465009657765098e-11	0.9029133461666164	0.4115332193276443
243	4.5053474195662896e-11	0.9066146867379996	0.4098465209935496
244	1.1037821898015999e-10	0.9103159348421098	0.40817359268825554
245	2.715236046679801e-10	0.9140170912349748	0.40651426646729594
246	6.706466101616231e-10	0.9177181566633914	0.4048683771063034
247	1.6631625299267287e-9	0.9214191318650758	0.4032357620461596
248	4.141173279139045e-9	0.9251200175688096	0.4016162613394681
249	1.0352681689842318e-8	0.9288208144945834	0.4000097175983124
250	2.5984604822464823e-8	0.9325215233537378	0.3984159759432621
251	6.547963869402028e-8	0.936222144849101	0.39683488395359434
252	1.6565955681641355e-7	0.9399226796751243	0.395266291618695
253	4.207653735874151e-7	0.9436231285180141	0.3937100512906092
254	1.0729266552007275e-6	0.9473234920558625	0.3921660176377076
255	2.7466286203012178e-6	0.9510237709587739	0.39063404759943904
256	7.0586733396540905e-6	0.9547239658889904	0.38911400034214016
257	1.8210961969644045e-5	0.9584240775010143	0.38760573721587216
258	4.7165324374842125e-5	0.9621241064417273	0.3861091217122579
259	1.226270903350291e-4	0.9658240533505096	0.3846240194232929
260	3.200495757794673e-4	0.969523918859354	0.38315029800110184
261	8.385113515291761e-4	0.9732237035929803	0.3816878271186185
262	2.2052364754398e-3	0.9769234081689457	0.3802364784311615
263	5.821697548523178e-3	0.9806230331977542	0.37879612553888425
264	1.5427165177040335e-2	0.9843225792829633	0.37736664395007513
265	4.1035379433673816e-2	0.9880220470212889	0.37594791104528535
266	0.10956213137207473	0.9917214370027084	0.37453980604226306
267	0.2936203100242352	0.9954207498105617	0.37314220996167313
268	0.7898220753084735	0.9991199860216503	0.3717550055935809
269	2.1324752283260855	1.0028191462063345	0.3703780774646816
270	5.778888505850783	1.006518230928629	0.3690113118062549
271	15.718254471740265	1.0102172407462964	0.36765459652282667
272	42.90996141414482	1.0139161762109397	0.36630782116151955
273	117.57091902982	1.0176150378680924	0.36497087688207475
274	323.31354322208864	1.0213138262573067	0.3636436564275283
275	892.3276136715521	1.0250125419122413	0.36232605409552404
276	2471.6986367036598	1.0287111853607465	0.36101796571024936
277	6871.187381577023	1.0324097571249475	0.3597192885949756
278	19170.23933703797	1.0361082577213288	0.35842992154518943
279	53675.63197934518	1.0398066876608125	0.3571497648023005
280	150825.62951540254	1.04350504744884	0.3558787200279097
281	425320.1658300326	1.0472033375854495	0.354616690278626
282	1203633.2828991613	1.0509015585653512	0.3533635799814165
283	3418254.2686523073	1.0545997108780054	0.35211929490947724
284	9741842.83268138	1.058297795007694	0.3508837421586132
285	2.7861154118520908e7	1.0619958114335948	0.34965683012411236
286	7.996004069301456e7	1.065693760629852	0.3484384684781045
287	2.3028070852474684e8	1.0693916430656472	0.34722856814739106
288	6.65499169270407e8	1.073089459205268	0.34602704129173556
289	1.929912806676997e9	1.0767872095081754	0.34483380128260344
290	5.615945745339288e9	1.0804848944290715	0.34364876268233985
291	1.6398270074618341e10	1.0841825144179638	0.3424718412237759
292	4.804608308399203e10	1.08788006992023	0.34130295379025205
293	1.4125300752478278e11	1.091577561376682	0.3401420183960498
294	4.1668911564328937e11	1.0952749892236266	0.33898895416722075
295	1.2333784489079983e12	1.0989723538929284	0.33784368132280507
296	3.6630710623018022e12	1.1026696558120679	0.3367061211564286
297	1.0915765497569305e13	1.1063668954042023	0.3355761960182715
298	3.263758564373607e13	1.110064073088223	0.33445382929739786
299	9.791110847889969e13	1.1137611892788124	0.3333389454044392
300	2.947075078444976e14	1.1174582443865004	0.33223146975462353
301	8.900018882416981e14	1.1211552388177195	0.3311313287511406
302	2.696661218912718e15	1.1248521729748593	0.3300384497688379
303	8.197715713288962e15	1.12854904725632	0.32895276113823724
304	2.5002625732866308e16	1.1322458620565643	0.32787419212986685
305	7.650679692433506e16	1.1359426177661698	0.3268026729389
306	2.3487209135590086e17	1.1396393147718795	0.325738134670094
307	7.233944896958001e17	1.1433359534566523	0.3246805093230232
308	2.2352535108345116e18	1.1470325341997114	0.32362972977759796
309	6.929176663703849e18	1.150729057376593	0.32258572977986427
310	2.154940194720311e19	1.154425523359194	0.3215484439280778
311	6.72330879354029e19	1.1581219325158194	0.32051780765904475
312	2.1043631186198125e20	1.1618182852112275	0.3194937572347259
313	6.607598690834296e20	1.1655145818066759	0.31847622972909523
314	2.081361818750766e21	1.1692108226599651	0.31746516301525024
315	6.577003596609496e21	1.1729070081254842	0.31646049575276597
316	2.0848787197943693e22	1.1766031385542528	0.31546216737528904
317	6.629815044222485e22	1.180299214293964	0.31447011807836556
318	2.1148795269589007e23	1.1839952356890255	0.31348428880749785
319	6.767514408342818e23	1.1876912030806028	0.31250462124642564
320	2.1723402013308375e24	1.1913871168066577	0.31153105780562573
321	6.994833295827248e24	1.195082977201989	0.3105635416110263
322	2.2592983647401292e25	1.1987787845982725	0.30960201649293073
323	7.3200211221692005e25	1.2024745393240988	0.30864642697514694
324	2.3789727636552745e26	1.2061702417050115	0.30769671826431677
325	7.755340725841951e26	1.2098658920635454	0.30675283623944244
326	2.5359605113598837e27	1.2135614907192633	0.30581472744160465
327	8.31783342763134e27	1.2172570379887913	0.30488233906386925
328	2.736528923729341e28	1.2209525341858565	0.30395561894137774
329	9.030419913844809e28	1.2246479796213203	0.30303451554161787
330	2.9890276919954776e29	1.2283433746032153	0.3021189779548711
331	9.9234356535479e29	1.2320387194367772	0.30120895588483193
332	3.3044589641256926e30	1.2357340144244808	0.3003043996393971
333	1.1036743184750358e31	1.2394292598660714	0.29940526012161955
334	3.6972590999252663e31	1.2431244560585988	0.2985114888208253
335	1.2422624025366935e32	1.2468196032964483	0.29762303780388766
336	4.186368503930447e32	1.2505147018713738	0.2967398597066582
337	1.414973808596495e33	1.254209752072528	0.29586190772554893
338	4.796698039994048e33	1.2579047541864936	0.29498913560926393
339	1.630855982411395e34	1.2615997084973143	0.2941214976506765
340	5.561146521729361e34	1.2652946152865232	0.2932589486788498
341	1.9018875025650194e35	1.2689894748331736	0.29240144405119695
342	6.523390223527287e35	1.2726842874138677	0.29154893964577866
343	2.2440175404490318e36	1.2763790533027852	0.29070139185373506
344	7.74176208870554e36	1.2800737727717109	0.2898587575718491
345	2.6786158252143553e37	1.2837684460900636	0.2890209941952392
346	9.29468010866803e37	1.2874630735249222	0.28818805961017774
347	3.234508264541227e38	1.2911576553410542	0.28735991218703405
348	1.128829361330449e39	1.2948521918009412	0.2865365107733382
349	3.9508539660616174e39	1.2985466831648054	0.2857178146869638
350	1.386732711872678e40	1.3022411296906353	0.2849037837094278
351	4.881239541760933e40	1.3059355316342118	0.28409437807930377
352	1.7230566378275142e41	1.3096298892491325	0.2832895584857477
353	6.099546860154294e41	1.313324202786837	0.2824892860621334
354	2.1653131419651653e42	1.3170184724966312	0.2816935223797954
355	7.7084227713942e42	1.3207126986257112	0.28090222944187726
356	2.7518742653339404e43	1.3244068814191876	0.2801153696772836
357	9.851593589109489e43	1.3281010211201079	0.2793329059347331
358	3.536680587401783e44	1.3317951179694805	0.2785548014769111
359	1.273190150905072e45	1.335489172206297	0.27778101997471977
360	4.596163096822517e45	1.3391831840675545	0.27701152550162367
361	1.6637918363137339e46	1.3428771537882787	0.27624628252808897
362	6.03949503860329e46	1.3465710816015437	0.27548525591611495
363	2.1983510982768547e47	1.3502649677384964	0.27472841091385536
364	8.02389041349311e47	1.3539588124283746	0.273975713150328
365	2.9367107335643534e48	1.35765261589853	0.2732271286302117
366	1.0777607369518066e49	1.361346378374449	0.27248262372872767
367	3.966115218857224e49	1.3650401000797712	0.2717421651866047
368	1.4634802606080496e50	1.3687337812363112	0.2710057201051263
369	5.414817146858691e50	1.3724274220640778	0.2702732559412577
370	2.0088750894404462e51	1.3761210227812934	0.2695447405028522
371	7.47293366826441e51	1.3798145836044138	0.26882014194393455
372	2.78737396152844e52	1.3835081047481466	0.2680994287600603
373	1.0424665915144654e53	1.3872015864254703	0.26738256978374947
374	3.909207681785026e53	1.3908950288476531	0.2666695341799935
375	1.4698463671370957e54	1.3945884322242703	0.2659602914418338
376	5.5412618510361704e54	1.3982817967632233	0.26525481138601065
377	2.0945748138913766e55	1.4019751226707564	0.26455306414868107
378	7.938354981659659e55	1.4056684101514758	0.26385502018120477
379	3.0165433070024217e56	1.409361659408365	0.26316065024599644
380	1.1492910291578157e57	1.4130548706428039	0.26246992541244335
381	4.3902462434179854e57	1.4167480440545839	0.2617828170528872
382	1.6814469807364845e58	1.4204411798419256	0.26109929683866867
383	6.456690205149926e58	1.424134278201495	0.2604193367362343
384	2.4858003746573165e59	1.4278273393284195	0.2597429090033033
385	9.595092087901358e59	1.4315203634163045	0.25906998618509475
386	3.7132631559753674e60	1.4352133506572482	0.2584005411106125
387	1.4407316367932425e61	1.438906301241858	0.2577345468889883
388	5.604390078350407e61	1.4425992153592655	0.25707197690588063
389	2.1856904074218094e62	1.4462920931971424	0.25641280481992956
390	8.545964991998208e62	1.4499849349417142	0.25575700455926553
391	3.349985322230766e63	1.4536777407777761	0.2551045503180719
392	1.3165313466732103e64	1.4573705108887072	0.2544554165531996
393	5.1870829979971294e64	1.4610632454564851	0.253809577980834
394	2.048877935060143e65	1.4647559446616996	0.2531670095732115
395	8.113478418972341e65	1.468448608683568	0.2525276865553868
396	3.2210200425045873e66	1.4721412376999472	0.2518915844020485
397	1.2819537448207814e67	1.475833831887349	0.2512586788343826
398	5.114946881502273e67	1.4795263914209533	0.2506289458169834
399	2.0459594260196047e68	1.4832189164746203	0.25000236155481126
400	8.204220186990563e68	1.4869114072209058	0.24937890249019448
401	3.2980656713120767e69	1.4906038638310717	0.24875854529987756
402	1.3291080974234015e70	1.4942962864751013	0.24814126689211216
403	5.369546994853709e70	1.4979886753217106	0.24752704440379192
404	2.1746464967006526e71	1.5016810305383612	0.24691585519762962
405	8.828983832047673e71	1.5053733522912724	0.2463076768593759
406	3.593363637803866e72	1.5090656407454344	0.2457024871950791
407	1.4660790550823546e73	1.5127578960646193	0.24510026422838538
408	5.996209168235556e73	1.5164501184113937	0.24450098619787855
409	2.458423659288624e74	1.52014230794713	0.24390463155445857
410	1.010403085386113e75	1.5238344648320188	0.2433111789587586
411	4.162823654385276e75	1.5275265892250798	0.2427206072785995
412	1.7192309389859254e76	1.531218681284173	0.2421328955864815
413	7.117553339973615e76	1.5349107411660117	0.24154802315711182
414	2.9537587219378533e77	1.5386027690261703	0.24096596946496862
415	1.2287529000886288e78	1.5422947650190988	0.2403867141818995
416	5.123855072096897e78	1.5459867292981309	0.23981023717475508
417	2.141752899665041e79	1.5496786620154963	0.23923651850305616
418	8.973867420799061e79	1.5533705633223311	0.23866553841669444
419	3.7689920357507543e80	1.557062433368688	0.2380972773536661
420	1.5867321215904927e81	1.560754272303546	0.2375317159378377
421	6.6959527473147075e81	1.5644460802748215	0.2369688349767437
422	2.83236409735e82	1.5681378574293783	0.23640861545941555
423	1.2009122854460586e83	1.5718296039130373	0.23585103855424097
424	5.10383452554587e83	1.5755213198705864	0.23529608560685406
425	2.1742154086957004e84	1.57921300544579	0.2347437381380547
426	9.283822875090316e84	1.5829046607813997	0.23419397784175724
427	3.973443423239043e85	1.586596286019162	0.2336467865829683
428	1.704593237203571e86	1.5902878812998291	0.2331021463957923
429	7.329691038083201e86	1.5939794467631678	0.23256003948146522
430	3.159071148574966e87	1.5976709825479687	0.2320204482064157
431	1.3647076901945897e88	1.601362488792055	0.23148335510035292
432	5.909136691231406e88	1.6050539656322917	0.23094874285438097
433	2.5645447580250793e89	1.6087454132045949	0.23041659431913952
434	1.1155680648438656e90	1.6124368316439395	0.22988689250296993
435	4.863838116190458e90	1.6161282210843688	0.22935962057010661
436	2.1254804458488475e91	1.6198195816590026	0.2288347618388933
437	9.309531058540093e91	1.6235109135000456	0.22831229978002376
438	4.0868521056917646e92	1.6272022167387965	0.22779221801480648
439	1.798200898057305e93	1.6308934915056554	0.227274500313453
440	7.930004376678116e93	1.6345847379301321	0.22675913059338973
441	3.5050348381337704e94	1.6382759561408546	0.22624609291759246
442	1.5527184840162896e95	1.641967146265577	0.2257353714929434
443	6.894017254182393e95	1.6456583084311867	0.22522695066861081
444	3.0678142815534675e96	1.6493494427637136	0.22472081493444995
445	1.3682347816872264e97	1.6530405493883367	0.22421694891942592
446	6.115963248874836e97	1.6567316284293914	0.22371533739005753
447	2.739930919392635e98	1.6604226800103787	0.223215965248882
448	1.2302197675719057e99	1.6641137042539709	0.22271881753294026
449	5.535947670545037e99	1.6678047012820205	0.22222387941228236
450	2.4966938634360073e100	1.6714956712155657	0.22173113618849286
451	1.128497285227539e101	1.67518661417484	0.22124057329323557
452	5.1120550846181014e101	1.6788775302792767	0.22075217628681795
453	2.320856005617213e102	1.682568419647518	0.22026593085677415
454	1.0559817804201624e103	1.6862592823974212	0.21978182281646683
455	4.815241951618705e103	1.6899501186460657	0.21929983810370748
456	2.2005496621317102e104	1.6936409285097593	0.21881996277939472
457	1.0078444905297813e105	1.6973317121040465	0.21834218302617048
458	4.625973057991592e105	1.701022469543713	0.21786648514709378
459	2.127932422610205e106	1.7047132009427945	0.2173928555643319
460	9.809698774537768e106	1.7084039064145808	0.21692128081786824
461	4.532048775271241e107	1.7120945860716252	0.21645174756422744
462	2.098323804197407e108	1.7157852400257483	0.21598424257521662
463	9.736154174765018e108	1.7194758683880458	0.2155187527366831
464	4.527280079668893e109	1.723166471268894	0.21505526504728822
465	2.1096978495851547e110	1.7268570487779573	0.21459376661729662
466	9.852220754612068e110	1.7305476010241923	0.2141342446673815
467	4.6108075310998595e111	1.7342381281158552	0.2136766865274449
468	2.1624538901045895e112	1.7379286301605077	0.2132210796354531
469	1.0163463824138253e113	1.7416191072650224	0.21276741153628703
470	4.786958885254927e113	1.7453095595355899	0.21231566988060738
471	2.259429283405186e114	1.7489999870777222	0.2118658424237337
472	1.0687028399503837e115	1.7526903899962616	0.21141791702453827
473	5.065617425510534e115	1.7563807683953838	0.21097188164435363
474	2.406152178412283e116	1.7600711223786045	0.21052772434589398
475	1.1453208062577884e117	1.7637614520487854	0.21008543329219034
476	5.46314400075069e117	1.7674517575081388	0.20964499674553883
477	2.6113655799603407e118	1.7711420388582337	0.20920640306646227
478	1.2508358835345129e119	1.774832296200001	0.20876964071268495
479	6.0039729056791446e119	1.7785225296337384	0.20833469823811995
480	2.8878921263191046e120	1.7822127392591172	0.20790156429186932
481	1.3919549611942395e121	1.785902925175185	0.2074702276172365
482	6.723098963074945e121	1.7895930874803732	0.20704067705075113
483	3.2539589316908704e122	1.793283226272501	0.206612901521206
484	1.578159955233921e123	1.7969733416487805	0.20618689004870586
485	7.669808370255878e123	1.8006634337058223	0.20576263174372778
486	3.7351729057632793e124	1.8043535025396396	0.20534011580619344
487	1.822752825697045e125	1.8080435482456536	0.20491933152455266
488	8.913205058719046e125	1.8117335709186988	0.20450026827487805
489	4.3674430248164617e126	1.8154235706530266	0.20408291551997096
490	2.1444011003984752e127	1.8191135475423112	0.20366726280847824
491	1.0550387633473379e128	1.822803501679654	0.20325329977401974
492	5.201308805555698e128	1.826493433157588	0.2028410161343265
493	2.5694306596846672e129	1.830183342068082	0.20243040169038956
494	1.2718603427594774e130	1.833873228502547	0.20202144632561864
495	6.308388601751164e130	1.837563092551838	0.20161414000501146
496	3.1352499796697897e131	1.8412529343062611	0.2012084727743328
497	1.5613449889330826e132	1.8449427538555767	0.2008044347593037
498	7.791064275766139e132	1.8486325512890025	0.20040201616480013
499	3.895508623150486e133	1.8523223266952213	0.20000120727406143
500	1.9516380865130107e134	1.856012080162382	0.19960199844790827
501	9.797164526695938e134	1.8597018117781055	0.19920438012396982
502	4.927944364873701e135	1.863391521629489	0.19880834281592039
503	2.483669205291519e136	1.8670812098031087	0.1984138771127247
504	1.2542455272094236e137	1.870770876385026	0.19802097367789268
505	6.34644496402643e137	1.8744605214607901	0.19762962324874267
506	3.2176287081776713e138	1.8781501451154425	0.19723981663567353
507	1.634545826262514e139	1.8818397474335213	0.19685154472144537
508	8.319789799857741e139	1.8855293284990646	0.19646479846046866
509	4.243068182707994e140	1.8892188883956147	0.19607956887810174
510	2.1681953123875936e141	1.8929084272062222	0.19569584706995666
511	1.1101096102512076e142	1.8965979450134496	0.19531362420121298
512	5.694829649707328e142	1.9002874418993754	0.19493289150593976
513	2.927125722923146e143	1.9039769179455972	0.19455364028642547
514	1.5074611715857562e144	1.9076663732332364	0.19417586191251546
515	7.778455566771652e144	1.9113558078429407	0.19379954782095754
516	4.0214388278381076e145	1.9150452218548895	0.19342468951475475
517	2.0830935996808923e146	1.9187346153487959	0.1930512785625259
518	1.0811195226212651e147	1.9224239884039107	0.19267930659787338
519	5.6217901499667596e147	1.9261133410990268	0.19230876531875837
520	2.928936388528228e148	1.9298026735124818	0.19193964648688305
521	1.5288963295277856e149	1.9334919857221617	0.19157194192708005
522	7.996083699873732e149	1.9371812778055046	0.19120564352670905
523	4.1899248369751406e150	1.9408705498395042	0.19084074323505992
524	2.1996984991873246e151	1.9445598019007126	0.19047723306276304
525	1.1570351015758282e152	1.9482490340652445	0.19011510508120605
526	6.097541863495526e152	1.9519382464087796	0.18975435142195757
527	3.2194846820760253e153	1.9556274390065669	0.18939496427619712
528	1.703098215620002e154	1.9593166119334273	0.18903693589415174
529	9.026372066672369e154	1.963005765263757	0.18868025858453896
530	4.792977923861922e155	1.9666948990715303	0.18832492471401596
531	2.5498506645883012e156	1.9703840134303041	0.187970926706635
532	1.3590631875445669e157	1.9740731084132195	0.1876182570433051
533	7.257359029223217e157	1.9777621840930055	0.18726690826125944
534	3.8826666178111837e158	1.9814512405419829	0.18691687295352916
535	2.081098380134249e159	1.9851402778320655	0.18656814376842276
536	1.1175439842523676e160	1.9888292960347649	0.18622071340901145
537	6.01235530174682e160	1.9925182952211933	0.18587457463261997
538	3.240642681741085e161	1.9962072754620648	0.1855297202503236
539	1.7499379959159703e162	1.9998962368277011	0.18518614312645032
540	9.467115767008783e162	2.0035851793880313	0.18484383617808853
541	5.1311503989530255e163	2.007274103212598	0.18450279237460043
542	2.786200413202865e164	2.010963008370557	0.18416300473714067
543	1.5156852995167232e165	2.0146518949306826	0.18382446633818025
544	8.260442934675132e165	2.01834076296137	0.18348717030103573
545	4.5101790230604615e166	2.022029612530636	0.18315110979940352
546	2.467055489258302e167	2.0257184437061246	0.1828162780568996
547	1.3519396179435672e168	2.029407256555109	0.18248266834660373
548	7.422111360717838e168	2.033096051144492	0.18215027399060915
549	4.0821408949314524e169	2.0367848275408127	0.18181908835957686
550	2.2492484591864924e170	2.0404735858102447	0.181489104872295
551	1.2415790038861305e171	2.0441623260186024	0.18116031699524285
552	6.8658980297110165e171	2.0478510482313426	0.18083271824215955
553	3.803688816973902e172	2.0515397525135652	0.1805063021736177
554	2.1110369571478616e173	2.055228438930019	0.1801810623966013
555	1.173730821944905e174	2.058917107545101	0.1798569925640884
556	6.53764889802403e174	2.062605758422862	0.17953408637463827
557	3.6479904155025615e175	2.066294391627005	0.17921233757198282
558	2.039216800413381e176	2.069983007220894	0.17889173994462274
559	1.1419559165399175e177	2.073671605267549	0.17857228732542754
560	6.406341993579184e177	2.0773601858296544	0.1782539735912403
561	3.600347009587191e178	2.0810487489695584	0.17793679266248627
562	2.0269857224643397e179	2.0847372947492766	0.17762073850278595
563	1.1432145276398632e180	2.0884258232304926	0.17730580511857202
564	6.459131567861373e180	2.092114334474563	0.17699198655871057
565	3.6558512580967796e181	2.0958028285425176	0.1766792769141261
566	2.0728579401864817e182	2.0994913054950635	0.17636767031743075
567	1.17737780678106e183	2.1031797653925843	0.17605716094255727
568	6.699248517527824e183	2.106868208295147	0.17574774300439588
569	3.818553931848363e184	2.110556634262499	0.17543941075843508
570	2.1803842107270727e185	2.114245043354076	0.175132158500406
571	1.2471740205139597e186	2.1179334356289976	0.17482598056593077
572	7.14627431669444e186	2.1216218111460767	0.1745208713301743
573	4.101942684458241e187	2.125310169963816	0.17421682520749984
574	2.3586062865640484e188	2.128998512140412	0.17391383665112822
575	1.358551046609234e189	2.132686837733759	0.17361190015280042
576	7.838804036216539e189	2.136375146801447	0.17331101024244375
577	4.530808283584299e190	2.140063439400769	0.17301116148784165
578	2.623326197045867e191	2.1437517155887194	0.17271234849430664
579	1.5215223744501378e192	2.147439975421996	0.17241456590435678
580	8.840005509117095e192	2.151128218957005	0.17211780839739563
581	5.144860304411813e193	2.154816446249859	0.17182207068939515
582	2.999440251610332e194	2.1585046573563837	0.1715273475325822
583	1.751665363009427e195	2.162192852332115	0.17123363371512815
584	1.0247197226955275e196	2.1658810312323045	0.17094092406084146
585	6.0048312096245766e196	2.16956919411192	0.17064921342886394
586	3.524820496466219e197	2.1732573410256477	0.17035849671336944
587	2.0725854137949713e198	2.176945472027894	0.17006876884326608
588	1.2207475033988265e199	2.180633587172788	0.16978002478190146
589	7.202379075051586e199	2.184321686514182	0.16949225952677074
590	4.256587659686161e200	2.188009770105656	0.16920546810922765
591	2.5198890541789945e201	2.1916978380005148	0.16891964559419861
592	1.4942878025428192e202	2.195385890251796	0.16863478707989965
593	8.876031620500397e202	2.199073926912267	0.16835088769755613
594	5.2812163239468606e203	2.2027619480344294	0.1680679426111254
595	3.1475915699966646e204	2.206449953670519	0.16778594701702218
596	1.8791042187170674e205	2.2101379438725086	0.16750489614384664
597	1.1236995854914972e206	2.2138259186921108	0.16722478525211543
598	6.73093223568473e206	2.2175138781807773	0.16694560963399516
599	4.03854242929462e207	2.2212018223897023	0.1666673646130386
600	2.4271538697478895e208	2.2248897513698243	0.16639004554392367
601	1.4611405514927864e209	2.2285776651718265	0.1661136478121949
602	8.810640996504065e209	2.2322655638461404	0.1658381668340074
603	5.321605171645701e210	2.235953447442946	0.1655635980558735
604	3.219557868857701e211	2.239641316012173	0.16528993695441188
605	1.9510440595723616e212	2.2433291696035047	0.16501717903609917
606	1.1842788987890233e213	2.247017008266378	0.16474531983702392
607	7.20038634196816e213	2.2507048320499843	0.16447435492264317
608	4.385017459288818e214	2.2543926410032733	0.16420427988754122
609	2.6748498139037786e215	2.258080435174953	0.163935090355191
610	1.6343266370740682e216	2.2617682146134914	0.16366678197771758
611	1.0002038764025314e217	2.2654559793671187	0.16339935043566403
612	6.131225166855189e217	2.269143729483828	0.16313279143775977
613	3.7645572001493035e218	2.2728314650113792	0.1628671007206909
614	2.3151934511185244e219	2.2765191859972957	0.162602274048873
615	1.4261535005803248e220	2.2802068924888714	0.16233830721422587
616	8.799332257256567e220	2.2838945845331686	0.16207519603595094
617	5.43796587292812e221	2.287582262177021	0.16181293636031022
618	3.3660876333761703e222	2.291269925467035	0.16155152406040796
619	2.08696614923348e223	2.2949575744495894	0.161290955035974
620	1.2960009131589608e224	2.298645209170841	0.16103122521314947
621	8.061094273943236e224	2.302332829676722	0.16077233054427456
622	5.0220422297773964e225	2.306020436012943	0.160514267007678
623	3.133742220694393e226	2.309708028224994	0.16025703060746913
624	1.9585813305847404e227	2.313395606358147	0.16000061737333138
625	1.2260671972027563e228	2.317083170457457	0.1597450233603181
626	7.687411853331379e228	2.32077072056776	0.15949024464865036
627	4.8276761938785603e229	2.324458256733682	0.15923627734351636
628	3.036596757894728e230	2.328145778999631	0.1589831175748731
629	1.913048692800067e231	2.331833287409807	0.15873076149724974
630	1.2071291557178051e232	2.3355207820081962	0.1584792052895529
631	7.629027476925964e232	2.339208262838578	0.1582284451548738
632	4.829156228324894e233	2.3428957299445226	0.15797847732029724
633	3.061673568851414e234	2.3465831833693933	0.15772929803671232
634	1.9441554495036415e235	2.350270623156349	0.15748090357862504
635	1.2364782588260873e236	2.3539580493483445	0.15723329024397267
636	7.876337254157856e236	2.357645461988131	0.15698645435393974
637	5.025084562411746e237	2.361332861118259	0.15674039225277583
638	3.2110171836269424e238	2.365020246781078	0.1564951003076153
639	2.0550434361674864e239	2.368707619018741	0.15625057490829813
640	1.3172780109199673e240	2.372394977873199	0.15600681246719322
641	8.456893907726265e240	2.376082323386211	0.1557638094190226
642	5.437762961592288e241	2.3797696555993375	0.1555215622206878
643	3.501906622243524e242	2.383456974553947	0.1552800673510975
644	2.2587215892276546e243	2.3871442802912135	0.15503932131099712
645	1.4591288774008863e244	2.3908315728521217	0.1547993206227996
646	9.440529850472175e244	2.3945188522774634	0.15456006183041804
647	6.117441388133907e245	2.398206118607842	0.1543215414990998
648	3.970205256151437e246	2.4018933718836735	0.1540837562152622
649	2.580624211899242e247	2.405580612145187	0.15384670258632954
650	1.6799803882114573e248	2.4092678394324243	0.15361037724057178
651	1.0953433302185052e249	2.412955053785244	0.1533747768269448
652	7.152566668887972e249	2.416642255243321	0.15313989801493189
653	4.6777621206990656e250	2.4203294438461476	0.15290573749438677
654	3.0639234272145846e251	2.4240166196330346	0.1526722919753782
655	2.0099267300651716e252	2.4277037826431127	0.15243955818803592
656	1.3205172516777663e253	2.4313909329153343	0.15220753288239777
657	8.68897327485073e253	2.435078070488473	0.15197621282825866
658	5.726013519827498e254	2.4387651954011265	0.1517455948150205
659	3.779155849851605e255	2.4424523076917146	0.15151567565154372
660	2.498013401560174e256	2.4461394073984852	0.1512864521660001
661	1.6536791858522351e257	2.4498264945595105	0.1510579212057268
662	1.0963855418171334e258	2.4535135692126904	0.15083007963708198
663	7.279975117238412e258	2.457200631395754	0.15060292434530143
664	4.841166957372295e259	2.4608876811462594	0.15037645223435675
665	3.2242062406248004e260	2.4645747185015945	0.1501506602268146
666	2.1505382788195906e261	2.4682617434989798	0.14992554526369722
667	1.436554719360997e262	2.471948756175468	0.14970110430434458
668	9.61051871734148e262	2.4756357565679448	0.1494773343262772
669	6.43902592752663e263	2.479322744713131	0.14925423232506052
670	4.32057193832542e264	2.483009720647582	0.14903179531417052
671	2.9034146550705216e265	2.486696684407691	0.14881002032486046
672	1.9539915626114025e266	2.490383636029688	0.14858890440602862
673	1.3169859450654183e267	2.494070575549641	0.14836844462408763
674	8.889625731873699e267	2.4977575030034584	0.14814863806283465
675	6.00936718110788e268	2.501444418426887	0.1479294818233227
676	4.068328207507193e269	2.505131321855518	0.14771097302373326
677	2.758317483865984e270	2.5088182133247816	0.14749310879925007
678	1.8728914509542267e271	2.512505092869953	0.14727588630193375
679	1.2735620369200984e272	2.5161919605261507	0.1470593027005978
680	8.672929294982567e272	2.519878816328339	0.14684335518068561
681	5.91491861934249e273	2.523565660311327	0.14662804094414844
682	4.039876369261877e274	2.5272524925097724	0.14641335720932472
683	2.7632665380776053e275	2.5309393129581776	0.14619930121082006
684	1.8928315009552043e276	2.5346261216908967	0.1459858701993887
685	1.2984782525890182e277	2.5383129187421316	0.1457730614418157
686	8.920517119596298e277	2.541999704145935	0.1455608722208003
687	6.137296244104814e278	2.545686477936211	0.1453492998348403
688	4.2285836923083783e279	2.5493732401467146	0.14513834159811725
689	2.9177135148840942e280	2.5530599908110556	0.14492799484038305
690	2.01613367742688e281	2.5567467299626965	0.144718256906847
691	1.3951601154748039e282	2.5604334576349546	0.14450912515806438
692	9.668429270369154e282	2.5641201738610024	0.14430059696982553
693	6.7098689255195326e283	2.56780687867387	0.14409266973304619
694	4.6633443585778024e284	2.571493572106443	0.14388534085365864
695	3.245677579651058e285	2.575180254191466	0.14367860775250382
696	2.2622302577941246e286	2.578866924961542	0.14347246786522436
697	1.5790318373807935e287	2.5825535844491343	0.14326691864215868
698	1.103739851209849e288	2.5862402326865648	0.14306195754823564
699	7.726155204867611e288	2.5899268697060185	0.14285758206287053
700	5.4160181949644395e289	2.5936134955395422	0.14265378967986164
701	3.80203315039507e290	2.5973001102190447	0.14245057790728782
702	2.6728211574346276e291	2.6009867137762988	0.14224794426740692
703	1.8816603754750543e292	2.6046733062429412	0.14204588629655512
704	1.3265665440292166e293	2.6083598876504746	0.14184440154504696
705	9.365531495455121e293	2.612046458030267	0.14164348757707657
706	6.621410812127281e294	2.615733017413553	0.14144314197061922
707	4.687944766742969e295	2.6194195658314343	0.14124336231733425
708	3.323742879302974e296	2.6231061033148824	0.14104414622246844
709	2.3598503924496148e297	2.626792629894735	0.1408454913047603
710	1.6778486293011247e298	2.630479145601703	0.14064739519634525
711	1.1946246742784861e299	2.6341656504663633	0.14044985554266154
712	8.517648688817636e299	2.6378521445191674	0.14025287000235695
713	6.081583193923478e300	2.6415386277904376	0.14005643624719624
714	4.348319171210741e301	2.645225100310369	0.13986055196196945
715	3.1133873785646212e302	2.648911562109028	0.13966521484440095
716	2.232292209639926e303	2.6525980132163576	0.13947042260505932
717	1.6027811233473178e304	2.656284453662174	0.1392761729672677
718	1.1523962698738366e305	2.6599708834761695	0.13908246366701524
719	8.297229034159646e305	2.663657302687912	0.1388892924528692
720	5.982284799424984e306	2.667343711326846	0.13869665708588755
721	4.3191971446425737e307	2.6710301094222944	0.13850455533953257
722	Infinity	Infinity	0.13831298499958505
723	Infinity	Infinity	0.13812194386405924
724	Infinity	Infinity	0.1379314297431184
725	Infinity	Infinity	0.1377414404589912
726	Infinity	Infinity	0.13755197384588874
727	Infinity	Infinity	0.13736302774992226
728	Infinity	Infinity	0.13717460002902138
729	Infinity	Infinity	0.13698668855285334
730	Infinity	Infinity	0.13679929120274267
731	Infinity	Infinity	0.13661240587159143
732	Infinity	Infinity	0.13642603046380036
733	Infinity	Infinity	0.1362401628951906
734	Infinity	Infinity	0.1360548010929258
735	Infinity	Infinity	0.13586994299543526
736	Infinity	Infinity	0.13568558655233742
737	Infinity	Infinity	0.135501729724364
738	Infinity	Infinity	0.13531837048328496
739	Infinity	Infinity	0.13513550681183367
740	Infinity	Infinity	0.13495313670363326
741	Infinity	Infinity	0.1347712581631229
742	Infinity	Infinity	0.1345898692054853
743	Infinity	Infinity	0.13440896785657425
744	Infinity	Infinity	0.13422855215284318
745	Infinity	Infinity	0.13404862014127414
746	Infinity	Infinity	0.13386916987930714
747	Infinity	Infinity	0.13369019943477042
748	Infinity	Infinity	0.133511706885811
749	Infinity	Infinity	0.1333336903208259
750	Infinity	Infinity	0.133156147838394
751	Infinity	Infinity	0.13297907754720817
752	Infinity	Infinity	0.13280247756600827
753	Infinity	Infinity	0.13262634602351442
754	Infinity	Infinity	0.13245068105836094
755	Infinity	Infinity	0.13227548081903073
756	Infinity	Infinity	0.13210074346379036
757	Infinity	Infinity	0.13192646716062537
758	Infinity	Infinity	0.13175265008717635
759	Infinity	Infinity	0.13157929043067534
760	Infinity	Infinity	0.13140638638788288
761	Infinity	Infinity	0.13123393616502546
762	Infinity	Infinity	0.13106193797773352
763	Infinity	Infinity	0.13089039005097977
764	Infinity	Infinity	0.1307192906190183
765	Infinity	Infinity	0.13054863792532395
766	Infinity	Infinity	0.13037843022253212
767	Infinity	Infinity	0.13020866577237922
768	Infinity	Infinity	0.1300393428456434
769	Infinity	Infinity	0.129870459722086
770	Infinity	Infinity	0.12970201469039305
771	Infinity	Infinity	0.12953400604811777
772	Infinity	Infinity	0.1293664321016229
773	Infinity	Infinity	0.12919929116602405
774	Infinity	Infinity	0.12903258156513303
775	Infinity	Infinity	0.12886630163140195
776	Infinity	Infinity	0.12870044970586758
777	Infinity	Infinity	0.12853502413809612
778	Infinity	Infinity	0.1283700232861286
779	Infinity	Infinity	0.12820544551642635
780	Infinity	Infinity	0.12804128920381727
781	Infinity	Infinity	0.12787755273144225
782	Infinity	Infinity	0.12771423449070207
783	Infinity	Infinity	0.1275513328812048
784	Infinity	Infinity	0.12738884631071343
785	Infinity	Infinity	0.12722677319509404
786	Infinity	Infinity	0.12706511195826434
787	Infinity	Infinity	0.12690386103214255
788	Infinity	Infinity	0.1267430188565967
789	Infinity	Infinity	0.1265825838793943
790	Infinity	Infinity	0.12642255455615248
791	Infinity	Infinity	0.12626292935028832
792	Infinity	Infinity	0.12610370673296972
793	Infinity	Infinity	0.12594488518306668
794	Infinity	Infinity	0.12578646318710265
795	Infinity	Infinity	0.12562843923920672
796	Infinity	Infinity	0.1254708118410657
797	Infinity	Infinity	0.12531357950187677
798	Infinity	Infinity	0.12515674073830063
799	Infinity	Infinity	0.1250002940744148
800	Infinity	Infinity	0.12484423804166712
801	Infinity	Infinity	0.12468857117883014
802	Infinity	Infinity	0.12453329203195526
803	Infinity	Infinity	0.12437839915432752
804	Infinity	Infinity	0.12422389110642074
805	Infinity	Infinity	0.12406976645585285
806	Infinity	Infinity	0.12391602377734166
807	Infinity	Infinity	0.1237626616526609
808	Infinity	Infinity	0.12360967867059662
809	Infinity	Infinity	0.12345707342690394
810	Infinity	Infinity	0.12330484452426403
811	Infinity	Infinity	0.12315299057224148
812	Infinity	Infinity	0.12300151018724197
813	Infinity	Infinity	0.12285040199247027
814	Infinity	Infinity	0.12269966461788848
815	Infinity	Infinity	0.12254929670017464
816	Infinity	Infinity	0.12239929688268168
817	Infinity	Infinity	0.12224966381539654
818	Infinity	Infinity	0.1221003961548997
819	Infinity	Infinity	0.12195149256432503
820	Infinity	Infinity	0.12180295171331976
821	Infinity	Infinity	0.12165477227800496
822	Infinity	Infinity	0.1215069529409362
823	Infinity	Infinity	0.12135949239106446
824	Infinity	Infinity	0.12121238932369739
825	Infinity	Infinity	0.12106564244046084
826	Infinity	Infinity	0.12091925044926065
827	Infinity	Infinity	0.12077321206424473
828	Infinity	Infinity	0.1206275260057654
829	Infinity	Infinity	0.12048219100034208
830	Infinity	Infinity	0.12033720578062404
831	Infinity	Infinity	0.12019256908535372
832	Infinity	Infinity	0.12004827965933004
833	Infinity	Infinity	0.11990433625337218
834	Infinity	Infinity	0.11976073762428345
835	Infinity	Infinity	0.11961748253481554
836	Infinity	Infinity	0.11947456975363298
837	Infinity	Infinity	0.11933199805527786
838	Infinity	Infinity	0.11918976622013483
839	Infinity	Infinity	0.11904787303439625
840	Infinity	Infinity	0.11890631729002772
841	Infinity	Infinity	0.1187650977847338
842	Infinity	Infinity	0.11862421332192395
843	Infinity	Infinity	0.11848366271067871
844	Infinity	Infinity	0.1183434447657162
845	Infinity	Infinity	0.11820355830735874
846	Infinity	Infinity	0.11806400216149983
847	Infinity	Infinity	0.11792477515957123
848	Infinity	Infinity	0.11778587613851041
849	Infinity	Infinity	0.1176473039407281
850	Infinity	Infinity	0.11750905741407622
851	Infinity	Infinity	0.11737113541181582
852	Infinity	Infinity	0.11723353679258551
853	Infinity	Infinity	0.11709626042036987
854	Infinity	Infinity	0.11695930516446826
855	Infinity	Infinity	0.11682266989946369
856	Infinity	Infinity	0.1166863535051921
857	Infinity	Infinity	0.11655035486671168
858	Infinity	Infinity	0.11641467287427248
859	Infinity	Infinity	0.11627930642328622
860	Infinity	Infinity	0.11614425441429634
861	Infinity	Infinity	0.11600951575294821
862	Infinity	Infinity	0.1158750893499596
863	Infinity	Infinity	0.11574097412109126
864	Infinity	Infinity	0.11560716898711787
865	Infinity	Infinity	0.115473672873799
866	Infinity	Infinity	0.11534048471185039
867	Infinity	Infinity	0.11520760343691545
868	Infinity	Infinity	0.11507502798953681
869	Infinity	Infinity	0.11494275731512825
870	Infinity	Infinity	0.11481079036394669
871	Infinity	Infinity	0.11467912609106445
872	Infinity	Infinity	0.11454776345634164
873	Infinity	Infinity	0.11441670142439879
874	Infinity	Infinity	0.11428593896458962
875	Infinity	Infinity	0.11415547505097409
876	Infinity	Infinity	0.11402530866229146
877	Infinity	Infinity	0.11389543878193377
878	Infinity	Infinity	0.11376586439791923
879	Infinity	Infinity	0.11363658450286611
880	Infinity	Infinity	0.11350759809396643
881	Infinity	Infinity	0.11337890417296023
882	Infinity	Infinity	0.11325050174610966
883	Infinity	Infinity	0.11312238982417351
884	Infinity	Infinity	0.1129945674223817
885	Infinity	Infinity	0.11286703356041017
886	Infinity	Infinity	0.11273978726235573
887	Infinity	Infinity	0.11261282755671118
888	Infinity	Infinity	0.11248615347634061
889	Infinity	Infinity	0.11235976405845484
890	Infinity	Infinity	0.112233658344587
891	Infinity	Infinity	0.11210783538056833
892	Infinity	Infinity	0.1119822942165041
893	Infinity	Infinity	0.1118570339067497
894	Infinity	Infinity	0.11173205350988694
895	Infinity	Infinity	0.11160735208870035
896	Infinity	Infinity	0.11148292871015393
897	Infinity	Infinity	0.11135878244536772
898	Infinity	Infinity	0.11123491236959475
899	Infinity	Infinity	0.11111131756219812
900	Infinity	Infinity	0.11098799710662809
901	Infinity	Infinity	0.11086495009039948
902	Infinity	Infinity	0.11074217560506924
903	Infinity	Infinity	0.11061967274621394
904	Infinity	Infinity	0.11049744061340766
905	Infinity	Infinity	0.11037547831019992
906	Infinity	Infinity	0.11025378494409373
907	Infinity	Infinity	0.11013235962652386
908	Infinity	Infinity	0.11001120147283519
909	Infinity	Infinity	0.10989030960226122
910	Infinity	Infinity	0.10976968313790275
911	Infinity	Infinity	0.10964932120670666
912	Infinity	Infinity	0.10952922293944484
913	Infinity	Infinity	0.10940938747069329
914	Infinity	Infinity	0.10928981393881129
915	Infinity	Infinity	0.10917050148592085
916	Infinity	Infinity	0.10905144925788604
917	Infinity	Infinity	0.10893265640429271
918	Infinity	Infinity	0.10881412207842826
919	Infinity	Infinity	0.10869584543726143
920	Infinity	Infinity	0.1085778256414224
921	Infinity	Infinity	0.1084600618551829
922	Infinity	Infinity	0.10834255324643642
923	Infinity	Infinity	0.10822529898667878
924	Infinity	Infinity	0.10810829825098849
925	Infinity	Infinity	0.10799155021800745
926	Infinity	Infinity	0.10787505406992179
927	Infinity	Infinity	0.10775880899244272
928	Infinity	Infinity	0.10764281417478756
929	Infinity	Infinity	0.1075270688096609
930	Infinity	Infinity	0.10741157209323586
931	Infinity	Infinity	0.1072963232251355
932	Infinity	Infinity	0.10718132140841434
933	Infinity	Infinity	0.10706656584953994
934	Infinity	Infinity	0.1069520557583747
935	Infinity	Infinity	0.1068377903481577
936	Infinity	Infinity	0.10672376883548669
937	Infinity	Infinity	0.10660999044030019
938	Infinity	Infinity	0.10649645438585965
939	Infinity	Infinity	0.10638315989873191
940	Infinity	Infinity	0.10627010620877146
941	Infinity	Infinity	0.1061572925491031
942	Infinity	Infinity	0.10604471815610458
943	Infinity	Infinity	0.10593238226938938
944	Infinity	Infinity	0.10582028413178955
945	Infinity	Infinity	0.10570842298933875
946	Infinity	Infinity	0.10559679809125526
947	Infinity	Infinity	0.10548540868992533
948	Infinity	Infinity	0.10537425404088632
949	Infinity	Infinity	0.10526333340281024
950	Infinity	Infinity	0.10515264603748724
951	Infinity	Infinity	0.10504219120980915
952	Infinity	Infinity	0.10493196818775335
953	Infinity	Infinity	0.10482197624236649
954	Infinity	Infinity	0.10471221464774844
955	Infinity	Infinity	0.10460268268103635
956	Infinity	Infinity	0.10449337962238878
957	Infinity	Infinity	0.10438430475496986
958	Infinity	Infinity	0.10427545736493377
959	Infinity	Infinity	0.10416683674140897
960	Infinity	Infinity	0.1040584421764829
961	Infinity	Infinity	0.10395027296518648
962	Infinity	Infinity	0.10384232840547893
963	Infinity	Infinity	0.10373460779823246
964	Infinity	Infinity	0.10362711044721727
965	Infinity	Infinity	0.10351983565908657
966	Infinity	Infinity	0.10341278274336152
967	Infinity	Infinity	0.10330595101241664
968	Infinity	Infinity	0.10319933978146488
969	Infinity	Infinity	0.10309294836854312
970	Infinity	Infinity	0.10298677609449758
971	Infinity	Infinity	0.10288082228296935
972	Infinity	Infinity	0.10277508626038008
973	Infinity	Infinity	0.10266956735591767
974	Infinity	Infinity	0.1025642649015221
975	Infinity	Infinity	0.10245917823187127
976	Infinity	Infinity	0.10235430668436714
977	Infinity	Infinity	0.1022496495991216
978	Infinity	Infinity	0.1021452063189428
979	Infinity	Infinity	0.1020409761893213
980	Infinity	Infinity	0.10193695855841645
981	Infinity	Infinity	0.10183315277704273
982	Infinity	Infinity	0.10172955819865635
983	Infinity	Infinity	0.10162617417934171
984	Infinity	Infinity	0.10152300007779815
985	Infinity	Infinity	0.10142003525532664
986	Infinity	Infinity	0.10131727907581665
987	Infinity	Infinity	0.10121473090573296
988	Infinity	Infinity	0.10111239011410275
989	Infinity	Infinity	0.10101025607250258
990	Infinity	Infinity	0.10090832815504552
991	Infinity	Infinity	0.10080660573836848
992	Infinity	Infinity	0.10070508820161934
993	Infinity	Infinity	0.10060377492644443
994	Infinity	Infinity	0.10050266529697595
995	Infinity	Infinity	0.10040175869981947
996	Infinity	Infinity	0.10030105452404153
997	Infinity	Infinity	0.10020055216115735
998	Infinity	Infinity	0.10010025100511853
999	Infinity	Infinity	0.10000015045230086
1000	Infinity	Infinity	9.990024990149228e-2
1001	Infinity	Infinity	9.980054875388074e-2
1002	Infinity	Infinity	9.970104641304234e-2
1003	Infinity	Infinity	9.960174228492935e-2
1004	Infinity	Infinity	9.950263577785846e-2
1005	Infinity	Infinity	9.9403726302499e-2
1006	Infinity	Infinity	9.93050132718612e-2
1007	Infinity	Infinity	9.920649610128468e-2
1008	Infinity	Infinity	9.910817420842684e-2
1009	Infinity	Infinity	9.901004701325143e-2
1010	Infinity	Infinity	9.891211393801706e-2
1011	Infinity	Infinity	9.881437440726601e-2
1012	Infinity	Infinity	9.871682784781277e-2
1013	Infinity	Infinity	9.861947368873301e-2
1014	Infinity	Infinity	9.852231136135231e-2
1015	Infinity	Infinity	9.842534029923518e-2
1016	Infinity	Infinity	9.8328559938174e-2
1017	Infinity	Infinity	9.823196971617809e-2
1018	Infinity	Infinity	9.813556907346282e-2
1019	Infinity	Infinity	9.803935745243886e-2
1020	Infinity	Infinity	9.794333429770131e-2
1021	Infinity	Infinity	9.784749905601915e-2
1022	Infinity	Infinity	9.77518511763245e-2
1023	Infinity	Infinity	9.76563901097021e-2
1024	Infinity	Infinity	9.756111530937887e-2
1025	Infinity	Infinity	9.746602623071333e-2
1026	Infinity	Infinity	9.73711223311854e-2
1027	Infinity	Infinity	9.727640307038592e-2
1028	Infinity	Infinity	9.718186791000646e-2
1029	Infinity	Infinity	9.708751631382918e-2
1030	Infinity	Infinity	9.699334774771658e-2
1031	Infinity	Infinity	9.68993616796015e-2
1032	Infinity	Infinity	9.680555757947709e-2
1033	Infinity	Infinity	9.671193491938676e-2
1034	Infinity	Infinity	9.661849317341445e-2
1035	Infinity	Infinity	9.652523181767458e-2
1036	Infinity	Infinity	9.643215033030242e-2
1037	Infinity	Infinity	9.63392481914443e-2
1038	Infinity	Infinity	9.624652488324786e-2
1039	Infinity	Infinity	9.615397988985257e-2
1040	Infinity	Infinity	9.606161269738002e-2
1041	Infinity	Infinity	9.596942279392454e-2
1042	Infinity	Infinity	9.587740966954361e-2
1043	Infinity	Infinity	9.578557281624861e-2
1044	Infinity	Infinity	9.56939117279953e-2
1045	Infinity	Infinity	9.560242590067468e-2
1046	Infinity	Infinity	9.551111483210363e-2
1047	Infinity	Infinity	9.541997802201582e-2
1048	Infinity	Infinity	9.532901497205248e-2
1049	Infinity	Infinity	9.523822518575342e-2
1050	Infinity	Infinity	9.514760816854788e-2
1051	Infinity	Infinity	9.505716342774564e-2
1052	Infinity	Infinity	9.496689047252807e-2
1053	Infinity	Infinity	9.487678881393921e-2
1054	Infinity	Infinity	9.478685796487701e-2
1055	Infinity	Infinity	9.469709744008449e-2
1056	Infinity	Infinity	9.460750675614105e-2
1057	Infinity	Infinity	9.451808543145378e-2
1058	Infinity	Infinity	9.442883298624882e-2
1059	Infinity	Infinity	9.43397489425628e-2
1060	Infinity	Infinity	9.425083282423431e-2
1061	Infinity	Infinity	9.416208415689538e-2
1062	Infinity	Infinity	9.407350246796305e-2
1063	Infinity	Infinity	9.398508728663106e-2
1064	Infinity	Infinity	9.389683814386139e-2
1065	Infinity	Infinity	9.380875457237607e-2
1066	Infinity	Infinity	9.372083610664884e-2
1067	Infinity	Infinity	9.363308228289705e-2
1068	Infinity	Infinity	9.354549263907339e-2
1069	Infinity	Infinity	9.345806671485789e-2
1070	Infinity	Infinity	9.337080405164977e-2
1071	Infinity	Infinity	9.32837041925595e-2
1072	Infinity	Infinity	9.319676668240076e-2
1073	Infinity	Infinity	9.310999106768252e-2
1074	Infinity	Infinity	9.302337689660119e-2
1075	Infinity	Infinity	9.293692371903275e-2
1076	Infinity	Infinity	9.285063108652498e-2
1077	Infinity	Infinity	9.276449855228966e-2
1078	Infinity	Infinity	9.267852567119489e-2
1079	Infinity	Infinity	9.259271199975742e-2
1080	Infinity	Infinity	9.250705709613506e-2
1081	Infinity	Infinity	9.242156052011899e-2
1082	Infinity	Infinity	9.233622183312633e-2
1083	Infinity	Infinity	9.225104059819257e-2
1084	Infinity	Infinity	9.216601637996419e-2
1085	Infinity	Infinity	9.208114874469114e-2
1086	Infinity	Infinity	9.199643726021955e-2
1087	Infinity	Infinity	9.191188149598434e-2
1088	Infinity	Infinity	9.182748102300195e-2
1089	Infinity	Infinity	9.174323541386308e-2
1090	Infinity	Infinity	9.16591442427255e-2
1091	Infinity	Infinity	9.157520708530682e-2
1092	Infinity	Infinity	9.149142351887743e-2
1093	Infinity	Infinity	9.140779312225328e-2
1094	Infinity	Infinity	9.132431547578898e-2
1095	Infinity	Infinity	9.124099016137067e-2
1096	Infinity	Infinity	9.115781676240908e-2
1097	Infinity	Infinity	9.107479486383255e-2
1098	Infinity	Infinity	9.09919240520802e-2
1099	Infinity	Infinity	9.0909203915095e-2
1100	Infinity	Infinity	9.082663404231693e-2
1101	Infinity	Infinity	9.074421402467625e-2
1102	Infinity	Infinity	9.066194345458671e-2
1103	Infinity	Infinity	9.057982192593879e-2
1104	Infinity	Infinity	9.04978490340931e-2
1105	Infinity	Infinity	9.041602437587369e-2
1106	Infinity	Infinity	9.033434754956142e-2
1107	Infinity	Infinity	9.025281815488742e-2
1108	Infinity	Infinity	9.017143579302656e-2
1109	Infinity	Infinity	9.00902000665909e-2
1110	Infinity	Infinity	9.000911057962323e-2
1111	Infinity	Infinity	8.99281669375907e-2
1112	Infinity	Infinity	8.984736874737836e-2
1113	Infinity	Infinity	8.976671561728282e-2
1114	Infinity	Infinity	8.96862071570059e-2
1115	Infinity	Infinity	8.960584297764833e-2
1116	Infinity	Infinity	8.952562269170353e-2
1117	Infinity	Infinity	8.944554591305136e-2
1118	Infinity	Infinity	8.936561225695192e-2
1119	Infinity	Infinity	8.928582134003935e-2
1120	Infinity	Infinity	8.920617278031578e-2
1121	Infinity	Infinity	8.912666619714522e-2
1122	Infinity	Infinity	8.90473012112474e-2
1123	Infinity	Infinity	8.896807744469187e-2
1124	Infinity	Infinity	8.88889945208919e-2
1125	Infinity	Infinity	8.881005206459858e-2
1126	Infinity	Infinity	8.873124970189485e-2
1127	Infinity	Infinity	8.86525870601896e-2
1128	Infinity	Infinity	8.85740637682118e-2
1129	Infinity	Infinity	8.849567945600469e-2
1130	Infinity	Infinity	8.841743375491991e-2
1131	Infinity	Infinity	8.833932629761175e-2
1132	Infinity	Infinity	8.826135671803144e-2
1133	Infinity	Infinity	8.818352465142136e-2
1134	Infinity	Infinity	8.810582973430939e-2
1135	Infinity	Infinity	8.802827160450326e-2
1136	Infinity	Infinity	8.795084990108491e-2
1137	Infinity	Infinity	8.78735642644049e-2
1138	Infinity	Infinity	8.779641433607681e-2
1139	Infinity	Infinity	8.771939975897174e-2
1140	Infinity	Infinity	8.764252017721276e-2
1141	Infinity	Infinity	8.75657752361695e-2
1142	Infinity	Infinity	8.748916458245261e-2
1143	Infinity	Infinity	8.741268786390838e-2
1144	Infinity	Infinity	8.733634472961334e-2
1145	Infinity	Infinity	8.726013482986889e-2
1146	Infinity	Infinity	8.718405781619597e-2
1147	Infinity	Infinity	8.710811334132973e-2
1148	Infinity	Infinity	8.703230105921426e-2
1149	Infinity	Infinity	8.695662062499733e-2
1150	Infinity	Infinity	8.688107169502515e-2
1151	Infinity	Infinity	8.68056539268372e-2
1152	Infinity	Infinity	8.673036697916103e-2
1153	Infinity	Infinity	8.66552105119071e-2
1154	Infinity	Infinity	8.658018418616369e-2
1155	Infinity	Infinity	8.650528766419177e-2
1156	Infinity	Infinity	8.643052060942e-2
1157	Infinity	Infinity	8.635588268643958e-2
1158	Infinity	Infinity	8.628137356099937e-2
1159	Infinity	Infinity	8.620699290000075e-2
1160	Infinity	Infinity	8.61327403714928e-2
1161	Infinity	Infinity	8.605861564466723e-2
1162	Infinity	Infinity	8.598461838985359e-2
1163	Infinity	Infinity	8.59107482785143e-2
1164	Infinity	Infinity	8.58370049832398e-2
1165	Infinity	Infinity	8.576338817774376e-2
1166	Infinity	Infinity	8.568989753685818e-2
1167	Infinity	Infinity	8.561653273652872e-2
1168	Infinity	Infinity	8.554329345380982e-2
1169	Infinity	Infinity	8.547017936686002e-2
1170	Infinity	Infinity	8.539719015493726e-2
1171	Infinity	Infinity	8.532432549839417e-2
1172	Infinity	Infinity	8.525158507867338e-2
1173	Infinity	Infinity	8.517896857830291e-2
1174	Infinity	Infinity	8.510647568089155e-2
1175	Infinity	Infinity	8.503410607112426e-2
1176	Infinity	Infinity	8.496185943475756e-2
1177	Infinity	Infinity	8.488973545861507e-2
1178	Infinity	Infinity	8.481773383058289e-2
1179	Infinity	Infinity	8.474585423960514e-2
1180	Infinity	Infinity	8.46740963756795e-2
1181	Infinity	Infinity	8.460245992985273e-2
1182	Infinity	Infinity	8.453094459421623e-2
1183	Infinity	Infinity	8.445955006190163e-2
1184	Infinity	Infinity	8.438827602707644e-2
1185	Infinity	Infinity	8.431712218493961e-2
1186	Infinity	Infinity	8.424608823171725e-2
1187	Infinity	Infinity	8.417517386465828e-2
1188	Infinity	Infinity	8.410437878203014e-2
1189	Infinity	Infinity	8.40337026831145e-2
1190	Infinity	Infinity	8.396314526820296e-2
1191	Infinity	Infinity	8.389270623859293e-2
1192	Infinity	Infinity	8.382238529658331e-2
1193	Infinity	Infinity	8.375218214547031e-2
1194	Infinity	Infinity	8.368209648954332e-2
1195	Infinity	Infinity	8.361212803408075e-2
1196	Infinity	Infinity	8.354227648534582e-2
1197	Infinity	Infinity	8.347254155058258e-2
1198	Infinity	Infinity	8.340292293801173e-2
1199	Infinity	Infinity	8.333342035682655e-2
1200	Infinity	Infinity	8.326403351718889e-2
1201	Infinity	Infinity	8.319476213022516e-2
1202	Infinity	Infinity	8.312560590802222e-2
1203	Infinity	Infinity	8.30565645636235e-2
1204	Infinity	Infinity	8.298763781102497e-2
1205	Infinity	Infinity	8.291882536517123e-2
1206	Infinity	Infinity	8.285012694195153e-2
1207	Infinity	Infinity	8.278154225819591e-2
1208	Infinity	Infinity	8.271307103167129e-2
1209	Infinity	Infinity	8.264471298107758e-2
1210	Infinity	Infinity	8.257646782604385e-2
1211	Infinity	Infinity	8.250833528712448e-2
1212	Infinity	Infinity	8.244031508579541e-2
1213	Infinity	Infinity	8.237240694445025e-2
1214	Infinity	Infinity	8.230461058639651e-2
1215	Infinity	Infinity	8.223692573585195e-2
1216	Infinity	Infinity	8.216935211794071e-2
1217	Infinity	Infinity	8.21018894586897e-2
1218	Infinity	Infinity	8.203453748502479e-2
1219	Infinity	Infinity	8.196729592476722e-2
1220	Infinity	Infinity	8.190016450662986e-2
1221	Infinity	Infinity	8.183314296021361e-2
1222	Infinity	Infinity	8.176623101600378e-2
1223	Infinity	Infinity	8.169942840536641e-2
1224	Infinity	Infinity	8.163273486054475e-2
1225	Infinity	Infinity	8.15661501146556e-2
1226	Infinity	Infinity	8.149967390168586e-2
1227	Infinity	Infinity	8.143330595648889e-2
1228	Infinity	Infinity	8.136704601478102e-2
1229	Infinity	Infinity	8.130089381313808e-2
1230	Infinity	Infinity	8.123484908899183e-2
1231	Infinity	Infinity	8.116891158062654e-2
1232	Infinity	Infinity	8.110308102717553e-2
1233	Infinity	Infinity	8.103735716861772e-2
1234	Infinity	Infinity	8.09717397457742e-2
1235	Infinity	Infinity	8.090622850030484e-2
1236	Infinity	Infinity	8.084082317470487e-2
1237	Infinity	Infinity	8.077552351230156e-2
1238	Infinity	Infinity	8.071032925725082e-2
1239	Infinity	Infinity	8.064524015453385e-2
1240	Infinity	Infinity	8.058025594995383e-2
1241	Infinity	Infinity	8.051537639013262e-2
1242	Infinity	Infinity	8.04506012225075e-2
1243	Infinity	Infinity	8.038593019532778e-2
1244	Infinity	Infinity	8.032136305765167e-2
1245	Infinity	Infinity	8.025689955934295e-2
1246	Infinity	Infinity	8.019253945106777e-2
1247	Infinity	Infinity	8.012828248429144e-2
1248	Infinity	Infinity	8.006412841127519e-2
1249	Infinity	Infinity	8.000007698507307e-2
1250	Infinity	Infinity	7.993612795952867e-2
1251	Infinity	Infinity	7.987228108927208e-2
1252	Infinity	Infinity	7.980853612971667e-2
1253	Infinity	Infinity	7.974489283705598e-2
1254	Infinity	Infinity	7.968135096826065e-2
1255	Infinity	Infinity	7.961791028107532e-2
1256	Infinity	Infinity	7.955457053401548e-2
1257	Infinity	Infinity	7.94913314863645e-2
1258	Infinity	Infinity	7.942819289817055e-2
1259	Infinity	Infinity	7.936515453024351e-2
1260	Infinity	Infinity	7.930221614415202e-2
1261	Infinity	Infinity	7.923937750222047e-2
1262	Infinity	Infinity	7.917663836752596e-2
1263	Infinity	Infinity	7.911399850389536e-2
1264	Infinity	Infinity	7.905145767590233e-2
1265	Infinity	Infinity	7.898901564886436e-2
1266	Infinity	Infinity	7.89266721888399e-2
1267	Infinity	Infinity	7.886442706262535e-2
1268	Infinity	Infinity	7.880228003775219e-2
1269	Infinity	Infinity	7.874023088248412e-2
1270	Infinity	Infinity	7.867827936581412e-2
1271	Infinity	Infinity	7.861642525746161e-2
1272	Infinity	Infinity	7.85546683278696e-2
1273	Infinity	Infinity	7.849300834820187e-2
1274	Infinity	Infinity	7.84314450903401e-2
1275	Infinity	Infinity	7.836997832688107e-2
1276	Infinity	Infinity	7.830860783113389e-2
1277	Infinity	Infinity	7.824733337711717e-2
1278	Infinity	Infinity	7.818615473955629e-2
1279	Infinity	Infinity	7.812507169388058e-2
1280	Infinity	Infinity	7.806408401622066e-2
1281	Infinity	Infinity	7.800319148340559e-2
1282	Infinity	Infinity	7.79423938729603e-2
1283	Infinity	Infinity	7.788169096310268e-2
1284	Infinity	Infinity	7.78210825327411e-2
1285	Infinity	Infinity	7.776056836147156e-2
1286	Infinity	Infinity	7.770014822957509e-2
1287	Infinity	Infinity	7.763982191801509e-2
1288	Infinity	Infinity	7.757958920843469e-2
1289	Infinity	Infinity	7.751944988315404e-2
1290	Infinity	Infinity	7.745940372516778e-2
1291	Infinity	Infinity	7.739945051814244e-2
1292	Infinity	Infinity	7.733959004641375e-2
1293	Infinity	Infinity	7.727982209498409e-2
1294	Infinity	Infinity	7.722014644951995e-2
1295	Infinity	Infinity	7.716056289634936e-2
1296	Infinity	Infinity	7.71010712224593e-2
1297	Infinity	Infinity	7.70416712154932e-2
1298	Infinity	Infinity	7.69823626637484e-2
1299	Infinity	Infinity	7.692314535617363e-2
1300	Infinity	Infinity	7.686401908236654e-2
1301	Infinity	Infinity	7.680498363257113e-2
1302	Infinity	Infinity	7.674603879767534e-2
1303	Infinity	Infinity	7.668718436920861e-2
1304	Infinity	Infinity	7.662842013933929e-2
1305	Infinity	Infinity	7.656974590087234e-2
1306	Infinity	Infinity	7.651116144724682e-2
1307	Infinity	Infinity	7.645266657253344e-2
1308	Infinity	Infinity	7.639426107143221e-2
1309	Infinity	Infinity	7.633594473927005e-2
1310	Infinity	Infinity	7.62777173719983e-2
1311	Infinity	Infinity	7.621957876619044e-2
1312	Infinity	Infinity	7.616152871903967e-2
1313	Infinity	Infinity	7.610356702835655e-2
1314	Infinity	Infinity	7.604569349256672e-2
1315	Infinity	Infinity	7.598790791070845e-2
1316	Infinity	Infinity	7.593021008243041e-2
1317	Infinity	Infinity	7.58725998079893e-2
1318	Infinity	Infinity	7.58150768882476e-2
1319	Infinity	Infinity	7.575764112467119e-2
1320	Infinity	Infinity	7.570029231932714e-2
1321	Infinity	Infinity	7.564303027488142e-2
1322	Infinity	Infinity	7.558585479459662e-2
1323	Infinity	Infinity	7.55287656823297e-2
1324	Infinity	Infinity	7.547176274252977e-2
1325	Infinity	Infinity	7.541484578023581e-2
1326	Infinity	Infinity	7.535801460107452e-2
1327	Infinity	Infinity	7.530126901125801e-2
1328	Infinity	Infinity	7.52446088175817e-2
1329	Infinity	Infinity	7.518803382742204e-2
1330	Infinity	Infinity	7.513154384873441e-2
1331	Infinity	Infinity	7.507513869005086e-2
1332	Infinity	Infinity	7.501881816047802e-2
1333	Infinity	Infinity	7.49625820696949e-2
1334	Infinity	Infinity	7.490643022795077e-2
1335	Infinity	Infinity	7.485036244606301e-2
1336	Infinity	Infinity	7.479437853541501e-2
1337	Infinity	Infinity	7.473847830795402e-2
1338	Infinity	Infinity	7.468266157618908e-2
1339	Infinity	Infinity	7.462692815318889e-2
1340	Infinity	Infinity	7.457127785257973e-2
1341	Infinity	Infinity	7.451571048854345e-2
1342	Infinity	Infinity	7.44602258758153e-2
1343	Infinity	Infinity	7.44048238296819e-2
1344	Infinity	Infinity	7.434950416597923e-2
1345	Infinity	Infinity	7.429426670109056e-2
1346	Infinity	Infinity	7.423911125194445e-2
1347	Infinity	Infinity	7.418403763601264e-2
1348	Infinity	Infinity	7.412904567130817e-2
1349	Infinity	Infinity	7.407413517638323e-2
1350	Infinity	Infinity	7.401930597032731e-2
1351	Infinity	Infinity	7.396455787276508e-2
1352	Infinity	Infinity	7.390989070385451e-2
1353	Infinity	Infinity	7.385530428428484e-2
1354	Infinity	Infinity	7.380079843527466e-2
1355	Infinity	Infinity	7.374637297856994e-2
1356	Infinity	Infinity	7.369202773644205e-2
1357	Infinity	Infinity	7.363776253168595e-2
1358	Infinity	Infinity	7.358357718761808e-2
1359	Infinity	Infinity	7.35294715280746e-2
1360	Infinity	Infinity	7.347544537740938e-2
1361	Infinity	Infinity	7.34214985604922e-2
1362	Infinity	Infinity	7.336763090270673e-2
1363	Infinity	Infinity	7.331384222994874e-2
1364	Infinity	Infinity	7.326013236862423e-2
1365	Infinity	Infinity	7.320650114564747e-2
1366	Infinity	Infinity	7.315294838843925e-2
1367	Infinity	Infinity	7.309947392492494e-2
1368	Infinity	Infinity	7.304607758353272e-2
1369	Infinity	Infinity	7.299275919319172e-2
1370	Infinity	Infinity	7.293951858333013e-2
1371	Infinity	Infinity	7.288635558387349e-2
1372	Infinity	Infinity	7.28332700252428e-2
1373	Infinity	Infinity	7.278026173835273e-2
1374	Infinity	Infinity	7.272733055460988e-2
1375	Infinity	Infinity	7.26744763059109e-2
1376	Infinity	Infinity	7.26216988246408e-2
1377	Infinity	Infinity	7.25689979436711e-2
1378	Infinity	Infinity	7.251637349635813e-2
1379	Infinity	Infinity	7.246382531654125e-2
1380	Infinity	Infinity	7.241135323854107e-2
1381	Infinity	Infinity	7.235895709715778e-2
1382	Infinity	Infinity	7.230663672766934e-2
1383	Infinity	Infinity	7.225439196582976e-2
1384	Infinity	Infinity	7.220222264786749e-2
1385	Infinity	Infinity	7.215012861048356e-2
1386	Infinity	Infinity	7.209810969084997e-2
1387	Infinity	Infinity	7.204616572660795e-2
1388	Infinity	Infinity	7.199429655586631e-2
1389	Infinity	Infinity	7.194250201719973e-2
1390	Infinity	Infinity	7.189078194964707e-2
1391	Infinity	Infinity	7.183913619270975e-2
1392	Infinity	Infinity	7.178756458635005e-2
1393	Infinity	Infinity	7.173606697098947e-2
1394	Infinity	Infinity	7.168464318750709e-2
1395	Infinity	Infinity	7.163329307723793e-2
1396	Infinity	Infinity	7.15820164819713e-2
1397	Infinity	Infinity	7.153081324394919e-2
1398	Infinity	Infinity	7.147968320586467e-2
1399	Infinity	Infinity	7.142862621086025e-2
1400	Infinity	Infinity	7.137764210252627e-2
1401	Infinity	Infinity	7.132673072489935e-2
1402	Infinity	Infinity	7.127589192246073e-2
1403	Infinity	Infinity	7.122512554013476e-2
1404	Infinity	Infinity	7.117443142328728e-2
1405	Infinity	Infinity	7.112380941772403e-2
1406	Infinity	Infinity	7.107325936968917e-2
1407	Infinity	Infinity	7.10227811258636e-2
1408	Infinity	Infinity	7.097237453336354e-2
1409	Infinity	Infinity	7.092203943973889e-2
1410	Infinity	Infinity	7.087177569297173e-2
1411	Infinity	Infinity	7.082158314147481e-2
1412	Infinity	Infinity	7.077146163408997e-2
1413	Infinity	Infinity	7.072141102008667e-2
1414	Infinity	Infinity	7.067143114916048e-2
1415	Infinity	Infinity	7.062152187143154e-2
1416	Infinity	Infinity	7.05716830374431e-2
1417	Infinity	Infinity	7.052191449815999e-2
1418	Infinity	Infinity	7.047221610496716e-2
1419	Infinity	Infinity	7.042258770966822e-2
1420	Infinity	Infinity	7.037302916448392e-2
1421	Infinity	Infinity	7.03235403220507e-2
1422	Infinity	Infinity	7.027412103541923e-2
1423	Infinity	Infinity	7.0224771158053e-2
1424	Infinity	Infinity	7.017549054382681e-2
1425	Infinity	Infinity	7.012627904702531e-2
1426	Infinity	Infinity	7.007713652234168e-2
1427	Infinity	Infinity	7.002806282487606e-2
1428	Infinity	Infinity	6.997905781013423e-2
1429	Infinity	Infinity	6.993012133402612e-2
1430	Infinity	Infinity	6.988125325286444e-2
1431	Infinity	Infinity	6.983245342336328e-2
1432	Infinity	Infinity	6.978372170263668e-2
1433	Infinity	Infinity	6.973505794819722e-2
1434	Infinity	Infinity	6.968646201795471e-2
1435	Infinity	Infinity	6.963793377021472e-2
1436	Infinity	Infinity	6.958947306367727e-2
1437	Infinity	Infinity	6.954107975743537e-2
1438	Infinity	Infinity	6.949275371097376e-2
1439	Infinity	Infinity	6.94444947841675e-2
1440	Infinity	Infinity	6.939630283728061e-2
1441	Infinity	Infinity	6.934817773096472e-2
1442	Infinity	Infinity	6.930011932625772e-2
1443	Infinity	Infinity	6.92521274845825e-2
1444	Infinity	Infinity	6.920420206774547e-2
1445	Infinity	Infinity	6.91563429379354e-2
1446	Infinity	Infinity	6.910854995772198e-2
1447	Infinity	Infinity	6.906082299005452e-2
1448	Infinity	Infinity	6.901316189826072e-2
1449	Infinity	Infinity	6.896556654604524e-2
1450	Infinity	Infinity	6.891803679748855e-2
1451	Infinity	Infinity	6.887057251704548e-2
1452	Infinity	Infinity	6.882317356954407e-2
1453	Infinity	Infinity	6.877583982018416e-2
1454	Infinity	Infinity	6.872857113453623e-2
1455	Infinity	Infinity	6.868136737854004e-2
1456	Infinity	Infinity	6.86342284185034e-2
1457	Infinity	Infinity	6.858715412110095e-2
1458	Infinity	Infinity	6.854014435337279e-2
1459	Infinity	Infinity	6.849319898272331e-2
1460	Infinity	Infinity	6.844631787691997e-2
1461	Infinity	Infinity	6.839950090409198e-2
1462	Infinity	Infinity	6.83527479327291e-2
1463	Infinity	Infinity	6.830605883168042e-2
1464	Infinity	Infinity	6.825943347015312e-2
1465	Infinity	Infinity	6.821287171771126e-2
1466	Infinity	Infinity	6.816637344427454e-2
1467	Infinity	Infinity	6.811993852011711e-2
1468	Infinity	Infinity	6.807356681586635e-2
1469	Infinity	Infinity	6.802725820250168e-2
1470	Infinity	Infinity	6.798101255135337e-2
1471	Infinity	Infinity	6.793482973410132e-2
1472	Infinity	Infinity	6.788870962277392e-2
1473	Infinity	Infinity	6.78426520897468e-2
1474	Infinity	Infinity	6.779665700774169e-2
1475	Infinity	Infinity	6.77507242498253e-2
1476	Infinity	Infinity	6.770485368940804e-2
1477	Infinity	Infinity	6.765904520024298e-2
1478	Infinity	Infinity	6.761329865642456e-2
1479	Infinity	Infinity	6.756761393238755e-2
1480	Infinity	Infinity	6.752199090290587e-2
1481	Infinity	Infinity	6.747642944309139e-2
1482	Infinity	Infinity	6.743092942839286e-2
1483	Infinity	Infinity	6.738549073459477e-2
1484	Infinity	Infinity	6.734011323781613e-2
1485	Infinity	Infinity	6.72947968145095e-2
1486	Infinity	Infinity	6.724954134145972e-2
1487	Infinity	Infinity	6.720434669578286e-2
1488	Infinity	Infinity	6.715921275492515e-2
1489	Infinity	Infinity	6.711413939666173e-2
1490	Infinity	Infinity	6.706912649909577e-2
1491	Infinity	Infinity	6.702417394065713e-2
1492	Infinity	Infinity	6.697928160010144e-2
1493	Infinity	Infinity	6.693444935650891e-2
1494	Infinity	Infinity	6.688967708928333e-2
1495	Infinity	Infinity	6.684496467815088e-2
1496	Infinity	Infinity	6.680031200315917e-2
1497	Infinity	Infinity	6.675571894467608e-2
1498	Infinity	Infinity	6.671118538338873e-2
1499	Infinity	Infinity	6.66667112003024e-2
1500	Infinity	Infinity	6.662229627673952e-2
1501	Infinity	Infinity	6.65779404943385e-2
1502	Infinity	Infinity	6.653364373505281e-2
1503	Infinity	Infinity	6.648940588114988e-2
1504	Infinity	Infinity	6.644522681521e-2
1505	Infinity	Infinity	6.640110642012537e-2
1506	Infinity	Infinity	6.635704457909904e-2
1507	Infinity	Infinity	6.631304117564381e-2
1508	Infinity	Infinity	6.626909609358132e-2
1509	Infinity	Infinity	6.622520921704095e-2
1510	Infinity	Infinity	6.618138043045882e-2
1511	Infinity	Infinity	6.613760961857675e-2
1512	Infinity	Infinity	6.609389666644132e-2
1513	Infinity	Infinity	6.605024145940278e-2
1514	Infinity	Infinity	6.60066438831141e-2
1515	Infinity	Infinity	6.596310382352999e-2
1516	Infinity	Infinity	6.591962116690582e-2
1517	Infinity	Infinity	6.587619579979671e-2
1518	Infinity	Infinity	6.583282760905652e-2
1519	Infinity	Infinity	6.578951648183685e-2
1520	Infinity	Infinity	6.57462623055861e-2
1521	Infinity	Infinity	6.570306496804844e-2
1522	Infinity	Infinity	6.56599243572629e-2
1523	Infinity	Infinity	6.561684036156232e-2
1524	Infinity	Infinity	6.55738128695725e-2
1525	Infinity	Infinity	6.553084177021117e-2
1526	Infinity	Infinity	6.548792695268699e-2
1527	Infinity	Infinity	6.544506830649868e-2
1528	Infinity	Infinity	6.540226572143408e-2
1529	Infinity	Infinity	6.535951908756912e-2
1530	Infinity	Infinity	6.531682829526694e-2
1531	Infinity	Infinity	6.527419323517694e-2
1532	Infinity	Infinity	6.523161379823385e-2
1533	Infinity	Infinity	6.518908987565679e-2
1534	Infinity	Infinity	6.514662135894833e-2
1535	Infinity	Infinity	6.510420813989364e-2
1536	Infinity	Infinity	6.506185011055945e-2
1537	Infinity	Infinity	6.501954716329325e-2
1538	Infinity	Infinity	6.497729919072233e-2
1539	Infinity	Infinity	6.493510608575283e-2
1540	Infinity	Infinity	6.489296774156891e-2
1541	Infinity	Infinity	6.485088405163181e-2
1542	Infinity	Infinity	6.480885490967896e-2
1543	Infinity	Infinity	6.476688020972306e-2
1544	Infinity	Infinity	6.472495984605123e-2
1545	Infinity	Infinity	6.46830937132241e-2
1546	Infinity	Infinity	6.464128170607494e-2
1547	Infinity	Infinity	6.459952371970876e-2
1548	Infinity	Infinity	6.455781964950144e-2
1549	Infinity	Infinity	6.451616939109886e-2
1550	Infinity	Infinity	6.447457284041605e-2
1551	Infinity	Infinity	6.443302989363625e-2
1552	Infinity	Infinity	6.439154044721014e-2
1553	Infinity	Infinity	6.435010439785493e-2
1554	Infinity	Infinity	6.430872164255351e-2
1555	Infinity	Infinity	6.426739207855359e-2
1556	Infinity	Infinity	6.422611560336684e-2
1557	Infinity	Infinity	6.41848921147681e-2
1558	Infinity	Infinity	6.414372151079448e-2
1559	Infinity	Infinity	6.410260368974449e-2
1560	Infinity	Infinity	6.406153855017731e-2
1561	Infinity	Infinity	6.402052599091185e-2
1562	Infinity	Infinity	6.397956591102598e-2
1563	Infinity	Infinity	6.39386582098557e-2
1564	Infinity	Infinity	6.389780278699424e-2
1565	Infinity	Infinity	6.385699954229136e-2
1566	Infinity	Infinity	6.381624837585245e-2
1567	Infinity	Infinity	6.377554918803773e-2
1568	Infinity	Infinity	6.373490187946143e-2
1569	Infinity	Infinity	6.369430635099102e-2
1570	Infinity	Infinity	6.365376250374634e-2
1571	Infinity	Infinity	6.361327023909887e-2
1572	Infinity	Infinity	6.357282945867088e-2
1573	Infinity	Infinity	6.353244006433464e-2
1574	Infinity	Infinity	6.349210195821166e-2
1575	Infinity	Infinity	6.345181504267183e-2
1576	Infinity	Infinity	6.341157922033272e-2
1577	Infinity	Infinity	6.337139439405873e-2
1578	Infinity	Infinity	6.333126046696032e-2
1579	Infinity	Infinity	6.329117734239326e-2
1580	Infinity	Infinity	6.325114492395782e-2
1581	Infinity	Infinity	6.321116311549803e-2
1582	Infinity	Infinity	6.317123182110089e-2
1583	Infinity	Infinity	6.313135094509557e-2
1584	Infinity	Infinity	6.309152039205272e-2
1585	Infinity	Infinity	6.305174006678367e-2
1586	Infinity	Infinity	6.301200987433964e-2
1587	Infinity	Infinity	6.297232972001104e-2
1588	Infinity	Infinity	6.293269950932671e-2
1589	Infinity	Infinity	6.289311914805312e-2
1590	Infinity	Infinity	6.285358854219367e-2
1591	Infinity	Infinity	6.281410759798793e-2
1592	Infinity	Infinity	6.277467622191091e-2
1593	Infinity	Infinity	6.27352943206723e-2
1594	Infinity	Infinity	6.26959618012158e-2
1595	Infinity	Infinity	6.265667857071823e-2
1596	Infinity	Infinity	6.2617444536589e-2
1597	Infinity	Infinity	6.257825960646925e-2
1598	Infinity	Infinity	6.253912368823117e-2
1599	Infinity	Infinity	6.250003668997725e-2
1600	Infinity	Infinity	6.2460998520039605e-2
1601	Infinity	Infinity	6.242200908697922e-2
1602	Infinity	Infinity	6.2383068299585266e-2
1603	Infinity	Infinity	6.234417606687436e-2
1604	Infinity	Infinity	6.230533229808986e-2
1605	Infinity	Infinity	6.22665369027012e-2
1606	Infinity	Infinity	6.222778979040313e-2
1607	Infinity	Infinity	6.218909087111504e-2
1608	Infinity	Infinity	6.215044005498027e-2
1609	Infinity	Infinity	6.2111837252365416e-2
1610	Infinity	Infinity	6.207328237385961e-2
1611	Infinity	Infinity	6.203477533027386e-2
1612	Infinity	Infinity	6.199631603264034e-2
1613	Infinity	Infinity	6.195790439221173e-2
1614	Infinity	Infinity	6.191954032046051e-2
1615	Infinity	Infinity	6.1881223729078276e-2
1616	Infinity	Infinity	6.1842954529975104e-2
1617	Infinity	Infinity	6.180473263527881e-2
1618	Infinity	Infinity	6.176655795733434e-2
1619	Infinity	Infinity	6.1728430408703065e-2
1620	Infinity	Infinity	6.169034990216212e-2
1621	Infinity	Infinity	6.1652316350703736e-2
1622	Infinity	Infinity	6.1614329667534586e-2
1623	Infinity	Infinity	6.157638976607512e-2
1624	Infinity	Infinity	6.153849655995892e-2
1625	Infinity	Infinity	6.150064996303199e-2
1626	Infinity	Infinity	6.14628498893522e-2
1627	Infinity	Infinity	6.142509625318856e-2
1628	Infinity	Infinity	6.1387388969020566e-2
1629	Infinity	Infinity	6.134972795153761e-2
1630	Infinity	Infinity	6.131211311563831e-2
1631	Infinity	Infinity	6.127454437642985e-2
1632	Infinity	Infinity	6.123702164922736e-2
1633	Infinity	Infinity	6.119954484955329e-2
1634	Infinity	Infinity	6.1162113893136756e-2
1635	Infinity	Infinity	6.112472869591291e-2
1636	Infinity	Infinity	6.1087389174022316e-2
1637	Infinity	Infinity	6.105009524381034e-2
1638	Infinity	Infinity	6.10128468218265e-2
1639	Infinity	Infinity	6.097564382482384e-2
1640	Infinity	Infinity	6.093848616975834e-2
1641	Infinity	Infinity	6.090137377378827e-2
1642	Infinity	Infinity	6.0864306554273585e-2
1643	Infinity	Infinity	6.082728442877532e-2
1644	Infinity	Infinity	6.079030731505496e-2
1645	Infinity	Infinity	6.075337513107386e-2
1646	Infinity	Infinity	6.071648779499257e-2
1647	Infinity	Infinity	6.0679645225170345e-2
1648	Infinity	Infinity	6.064284734016444e-2
1649	Infinity	Infinity	6.060609405872955e-2
1650	Infinity	Infinity	6.056938529981721e-2
1651	Infinity	Infinity	6.053272098257521e-2
1652	Infinity	Infinity	6.049610102634698e-2
1653	Infinity	Infinity	6.045952535067101e-2
1654	Infinity	Infinity	6.0422993875280266e-2
1655	Infinity	Infinity	6.0386506520101586e-2
1656	Infinity	Infinity	6.0350063205255114e-2
1657	Infinity	Infinity	6.031366385105371e-2
1658	Infinity	Infinity	6.027730837800235e-2
1659	Infinity	Infinity	6.0240996706797584e-2
1660	Infinity	Infinity	6.0204728758326935e-2
1661	Infinity	Infinity	6.016850445366833e-2
1662	Infinity	Infinity	6.013232371408952e-2
1663	Infinity	Infinity	6.009618646104752e-2
1664	Infinity	Infinity	6.006009261618804e-2
1665	Infinity	Infinity	6.0024042101344925e-2
1666	Infinity	Infinity	5.998803483853955e-2
1667	Infinity	Infinity	5.9952070749980345e-2
1668	Infinity	Infinity	5.991614975806211e-2
1669	Infinity	Infinity	5.9880271785365584e-2
1670	Infinity	Infinity	5.98444367546568e-2
1671	Infinity	Infinity	5.9808644588886586e-2
1672	Infinity	Infinity	5.977289521118995e-2
1673	Infinity	Infinity	5.9737188544885605e-2
1674	Infinity	Infinity	5.9701524513475365e-2
1675	Infinity	Infinity	5.9665903040643634e-2
1676	Infinity	Infinity	5.9630324050256825e-2
1677	Infinity	Infinity	5.959478746636284e-2
1678	Infinity	Infinity	5.9559293213190555e-2
1679	Infinity	Infinity	5.9523841215149226e-2
1680	Infinity	Infinity	5.9488431396827975e-2
1681	Infinity	Infinity	5.945306368299529e-2
1682	Infinity	Infinity	5.9417737998598445e-2
1683	Infinity	Infinity	5.938245426876298e-2
1684	Infinity	Infinity	5.934721241879219e-2
1685	Infinity	Infinity	5.93120123741666e-2
1686	Infinity	Infinity	5.9276854060543394e-2
1687	Infinity	Infinity	5.924173740375594e-2
1688	Infinity	Infinity	5.920666232981327e-2
1689	Infinity	Infinity	5.9171628764899516e-2
1690	Infinity	Infinity	5.9136636635373434e-2
1691	Infinity	Infinity	5.9101685867767866e-2
1692	Infinity	Infinity	5.9066776388789245e-2
1693	Infinity	Infinity	5.903190812531705e-2
1694	Infinity	Infinity	5.899708100440334e-2
1695	Infinity	Infinity	5.896229495327221e-2
1696	Infinity	Infinity	5.892754989931928e-2
1697	Infinity	Infinity	5.889284577011125e-2
1698	Infinity	Infinity	5.88581824933853e-2
1699	Infinity	Infinity	5.882355999704867e-2
1700	Infinity	Infinity	5.878897820917813e-2
1701	Infinity	Infinity	5.875443705801947e-2
1702	Infinity	Infinity	5.871993647198703e-2
1703	Infinity	Infinity	5.868547637966318e-2
1704	Infinity	Infinity	5.865105670979785e-2
1705	Infinity	Infinity	5.8616677391308034e-2
1706	Infinity	Infinity	5.858233835327726e-2
1707	Infinity	Infinity	5.854803952495517e-2
1708	Infinity	Infinity	5.851378083575701e-2
1709	Infinity	Infinity	5.8479562215263084e-2
1710	Infinity	Infinity	5.8445383593218395e-2
1711	Infinity	Infinity	5.8411244