0 2.6516504294495534e-3
1 1.8750000000000002e-5
2 1.7401455943262698e-7
3 2.109375000000001e-9
4 3.278310003596813e-11
5 6.328125000000003e-13
6 1.465990122831759e-14
7 3.958374023437503e-16
8 1.2180626183068378e-17
9 4.200169372558597e-19
10 1.6022680451578385e-20
11 6.694420852661137e-22
12 3.038703916321312e-23
13 1.488549479198457e-24
14 7.82524091486666e-26
15 4.393430022962992e-27
16 2.623436797532386e-28
17 1.6600108465407333e-29
18 1.1094813537263054e-30
19 7.809894005373839e-32
20 5.775126638417855e-33
21 4.475619278294511e-34
22 3.6274169304279766e-35
23 3.06868922707118e-36
24 2.7048823251293363e-37
25 2.4801317706262364e-38
26 2.361987567608837e-39
27 2.333194917752086e-40
28 2.387439471317427e-41
29 2.5275385581570638e-42
30 2.765402086297543e-43
31 3.123606663102193e-44
32 3.6388399034702684e-45
33 4.367923478541509e-46
34 5.397754093609928e-47
35 6.861503750879677e-48
36 8.965109166148317e-49
37 1.2031008997529932e-49
38 1.6571262440863139e-50
39 2.3411463632291783e-51
40 3.390374135582684e-52
41 5.029823052722108e-53
42 7.640047498503647e-54
43 1.18752126389961e-54
44 1.8878310001425564e-55
45 3.067930980405284e-56
46 5.0942764110898526e-57
47 8.639255198833601e-58
48 1.4956762315272822e-58
49 2.642315524716796e-59
50 4.76149231483078e-60
51 8.748732998024978e-61
52 1.638436638912954e-61
53 3.1263770628154937e-62
54 6.076182305811818e-63
55 1.2024136464747903e-63
56 2.4219864097389662e-64
57 4.964209542205977e-65
58 1.0350458751149185e-65
59 2.1946993925538542e-66
60 4.731245107613177e-67
61 1.036677725617034e-67
62 2.308164266322871e-68
63 5.2207701689859e-69
64 1.1993365037043147e-69
65 2.7975837680804925e-70
66 6.6246170376577764e-71
67 1.5921248267009386e-71
68 3.88273703576918e-72
69 9.606207207069778e-73
70 2.4106280795551383e-73
71 6.134602555988774e-74
72 1.5828387274390815e-74
73 4.139989748837302e-75
74 1.0974753319424718e-75
75 2.948124520754067e-76
76 8.02374483509587e-77
77 2.212153451013515e-77
78 6.177158434369806e-78
79 1.7467384499427489e-78
80 5.00109036128892e-79
81 1.449549024000073e-79
82 4.252730011589447e-80
83 1.262717730785104e-80
84 3.79390689986532e-81
85 1.1533172531084602e-81
86 3.5467766146917894e-82
87 1.1032764709456312e-82
88 3.4709167215698966e-83
89 1.1042272232116647e-83
90 3.552003957676214e-84
91 1.155145413462221e-84
92 3.797490786003338e-85
93 1.2618373581267673e-85
94 4.237477526135625e-86
95 1.4380057880294463e-86
96 4.930782931720718e-87
97 1.7081537178594837e-87
98 5.977898903768509e-88
99 2.1131794262993822e-88
100 7.544785553724703e-89
101 2.7204298394121252e-89
102 9.90527366742237e-90
103 3.6416044604483575e-90
104 1.3516872575699996e-90
105 5.064976017107037e-91
106 1.9158328095945366e-91
107 7.314403137390705e-92
108 2.8184088061158232e-92
109 1.095964038881722e-92
110 4.300509608361817e-93
111 1.7027056007554745e-93
112 6.801748688826937e-94
113 2.741125596162185e-94
114 1.1143745409520512e-94
115 4.569771214021556e-95
116 1.8901073193170103e-95
117 7.884523491081812e-96
118 3.316883420831422e-96
119 1.4070840568391473e-96
120 6.018867394856492e-97
121 2.595880663663689e-97
122 1.1287576032166009e-97
123 4.948048478545129e-98
124 2.1865339855376082e-98
125 9.739568900174491e-99
126 4.372774483340433e-99
127 1.978706254942908e-99
128 9.023727055077025e-100
129 4.147103156762767e-100
130 1.9205794470874587e-100
131 8.962371559605437e-101
132 4.21397449295974e-101
133 1.9962484163696347e-101
134 9.527233101517089e-102
135 4.580624372962895e-102
136 2.2185271954584116e-102
137 1.082340405602226e-102
138 5.318623003191565e-103
139 2.6323781364542674e-103
140 1.31216637662844e-103
141 6.587175615945161e-104
142 3.3301035426536994e-104
143 1.6952866514298274e-104
144 8.69029468941727e-105
145 4.485503038483157e-105
146 2.3310560347557984e-105
147 1.2196608150955058e-105
148 6.424663597066699e-106
149 3.406960563740688e-106
150 1.8187370041090185e-106
151 9.773266166135891e-107
152 5.2863726158667447e-107
153 2.8780973389326297e-107
154 1.5771192244340802e-107
155 8.69794847191978e-108
156 4.8277474100636754e-108
157 2.696683802149967e-108
158 1.515848812249017e-108
159 8.574423656749594e-109
160 4.880453797802612e-109
161 2.795148786195055e-109
162 1.610729294438969e-109
163 9.338921706522213e-110
164 5.44767648682376e-110
165 3.1970565825317066e-110
166 1.8875480227432298e-110
167 1.1210856468096631e-110
168 6.698187151161621e-111
169 4.0256707765152654e-111
170 2.433698033599869e-111
171 1.4798841858367841e-111
172 9.051210898618107e-112
173 5.567869410291709e-112
174 3.4447717368465987e-112
175 2.1434172640263504e-112
176 1.3412626818042086e-112
177 8.440495317341673e-113
178 5.34140229875323e-113
179 3.399087543376143e-113
180 2.1750823686630164e-113
181 1.3995296465350602e-113
182 9.054582265804045e-114
183 5.890086661055203e-114
184 3.852379547090269e-114
185 2.5332489851926877e-114
186 1.674771471638173e-114
187 1.113139712098505e-114
188 7.437859210372035e-115
189 4.996181684996863e-115
190 3.3737154650902717e-115
191 2.2900593213434773e-115
192 1.5625764699075658e-115
193 1.0717177732851303e-115
194 7.388438262246633e-116
195 5.119723454181118e-116
196 3.565748330963008e-116
197 2.496054188762047e-116
198 1.756084413045443e-116
199 1.2416919166160679e-116
200 8.823655562740911e-117
201 6.301424173348599e-117
202 4.5224493487721174e-117
203 3.2616923570189746e-117
204 2.363938260956643e-117
205 1.7216417136499334e-117
206 1.2599482271162242e-117
207 9.265220544699715e-118
208 6.846079236308285e-118
209 5.082779090259741e-118
210 3.791611669747952e-118
211 2.8418425613321328e-118
212 2.1400309705128027e-118
213 1.619102746374769e-118
214 1.2307039141520627e-118
215 9.398275645343712e-119
216 7.210226187310499e-119
217 5.557077946105183e-119
218 4.302608558526028e-119
219 3.3465388944643737e-119
220 2.6147467623902763e-119
221 2.0522214101140723e-119
222 1.617971262707299e-119
223 1.2813290358158602e-119
224 1.0192603941080247e-119
225 8.143960662104612e-120
226 6.535874703862709e-120
227 5.268425842823007e-120
228 4.265390247252019e-120
229 3.4683996637714334e-120
230 2.8325902223117987e-120
231 2.3233491506505403e-120
232 1.9138735932602836e-120
233 1.5833322627888485e-120
234 1.3154761546665646e-120
235 1.0975849450276432e-120
236 9.196651852150411e-121
237 7.738380156710141e-121
238 6.538700086774692e-121
239 5.548124678155503e-121
240 4.7272318441809815e-121
241 4.0445109049295745e-121
242 3.474690441917542e-121
243 2.9974356840309067e-121
244 2.596330502899014e-121
245 2.2580793052549224e-121
246 1.9718793557239578e-121
247 1.7289256005455165e-121
248 1.522018819949381e-121
249 1.3452546042400131e-121
250 1.1937757400772542e-121
251 1.0635744930167577e-121
252 9.513342678797041e-122
253 8.543024362570086e-122
254 7.701879034551963e-122
255 6.97078368703109e-122
256 6.333733058885314e-122
257 5.777295285065538e-122
258 5.290168560212518e-122
259 4.862819108586863e-122
260 4.487184774883569e-122
261 4.1564317189648604e-122
262 3.864754199998462e-122
263 3.607209417137473e-122
264 3.379580947217119e-122
265 3.17826557235242e-122
266 3.0001792898463595e-122
267 2.8426790965885406e-122
268 2.7034977817252476e-122
269 2.580689477447545e-122
270 2.472584133949299e-122
271 2.377749421203366e-122
272 2.2949588332075597e-122
273 2.2231649924623534e-122
274 2.1614773337589654e-122
275 2.1091434949348621e-122
276 2.0655338645402972e-122
277 2.030128837532818e-122
278 2.002508414355181e-122
279 1.9823438494457444e-122
280 1.9693911151481607e-122
281 1.9634859984109103e-122
282 1.9645406924989408e-122
283 1.9725417857888716e-122
284 1.9875495859745908e-122
285 2.0096987518995286e-122
286 2.0392002378744185e-122
287 2.076344587790589e-122
288 2.1215066496333076e-122
289 2.1751518161913805e-122
290 2.2378439359621784e-122
291 2.3102550806828112e-122
292 2.3931774039456723e-122
293 2.4875373805508863e-122
294 2.594412780445456e-122
295 2.7150528064740716e-122
296 2.8509019143216853e-122
297 3.0036279390997263e-122
298 3.17515527981924e-122
299 3.3677040451369866e-122
300 3.583836246916207e-122
301 3.826510349253487e-122
302 4.0991457482193053e-122
303 4.4056990821545524e-122
304 4.7507546669377706e-122
305 5.139631831244843e-122
306 5.578512513366343e-122
307 6.074593198341455e-122
308 6.636266152755432e-122
309 7.273335992845016e-122
310 7.997278947397528e-122
311 8.821553810140741e-122
312 9.761975591857602e-122
313 1.0837165374401335e-121
314 1.2069092955423143e-121
315 1.3483732702956027e-121
316 1.5111857801040835e-121
317 1.6990003999012622e-121
318 1.9161641378885338e-121
319 2.1678601909362233e-121
320 2.4602822146737584e-121
321 2.800847499039962e-121
322 3.1984582692240975e-121
323 3.663822636269595e-121
324 4.209849630156824e-121
325 4.852136426435442e-121
326 5.6095705381453684e-121
327 6.505075661722591e-121
328 7.5665373921295186e-121
329 8.827954615192267e-121
330 1.0330874635326572e-120
331 1.2126185771548938e-120
332 1.4276361250927853e-120
333 1.6858274044850372e-120
334 1.9966735523820884e-120
335 2.3718953665736116e-120
336 2.8260161941626753e-120
337 3.377074172875796e-120
338 4.0475254169588384e-120
339 4.865391840136239e-120
340 5.865723073053751e-120
341 7.092462513270759e-120
342 8.600834468028483e-120
343 1.0460404639661845e-119
344 1.2759012556014748e-119
345 1.5607835556589033e-119
346 1.9147924408521979e-119
347 2.3558656967609245e-119
348 2.906869713127367e-119
349 3.5970233225221747e-119
350 4.4637518504065925e-119
351 5.555106764688281e-119
352 6.932930540261981e-119
353 8.677005536833525e-119
354 1.089050504898703e-118
355 1.3707171327877374e-118
356 1.7300788971334206e-118
357 2.189771584656454e-118
358 2.779349572418939e-118
359 3.5374931846031466e-118
360 4.514948276438083e-118
361 5.7784497835753905e-118
362 7.415970435739534e-118
363 9.543758082295077e-118
364 1.2315792484664421e-117
365 1.5936522162443856e-117
366 2.0678057806747567e-117
367 2.690343415582565e-117
368 3.5098153502831264e-117
369 4.5913056144875175e-117
370 6.022271717206144e-117
371 7.920517299392978e-117
372 1.0445101503589035e-116
373 1.3811300619451396e-116
374 1.8311173706157716e-116
375 2.4341895229763422e-116
376 3.244487648303211e-116
377 4.3359906357044416e-116
378 5.810024724112452e-116
379 7.805703241425085e-116
380 1.0514472630089416e-115
381 1.4200425721285096e-115
382 1.9228732985560194e-115
383 2.6105525914703e-115
384 3.553397178687346e-115
385 4.849329091143345e-115
386 6.635035417911182e-115
387 9.10176496331072e-115
388 1.2517738813436405e-114
389 1.7260015556397362e-114
390 2.3859901832103557e-114
391 3.306781153626988e-114
392 4.594611129334429e-114
393 6.400232631711184e-114
394 8.93806800239046e-114
395 1.2513813002857791e-113
396 1.7564306592112523e-113
397 2.4715246366293473e-113
398 3.4864924016127036e-113
399 4.930598263959219e-113
400 6.99028553124952e-113
401 9.935092472136224e-113
402 1.4155588360515176e-112
403 2.0219028077346333e-112
404 2.8951182278370847e-112
405 4.1556920948289476e-112
406 5.9798297003884185e-112
407 8.62581308265207e-112
408 1.2473100863189561e-111
409 1.8080456583736186e-111
410 2.627255663307573e-111
411 3.826931541299217e-111
412 5.587942186531313e-111
413 8.179060547319448e-111
414 1.2000593257185497e-110
415 1.765010370747098e-110
416 2.6021633119656454e-110
417 3.8455820523534493e-110
418 5.696752796544918e-110
419 8.459173867823977e-110
420 1.259103269969166e-109
421 1.8785602345066394e-109
422 2.809421048606144e-109
423 4.2114732393276203e-109
424 6.3281148061467995e-109
425 9.530931319074883e-109
426 1.4388470251986664e-108
427 2.177257610702858e-108
428 3.3023154113389184e-108
429 5.020401669566917e-108
430 7.650101730845786e-108
431 1.1684293257938341e-107
432 1.7887178977349718e-107
433 2.7446255745068156e-107
434 4.221083104002374e-107
435 6.506717440875152e-107
436 1.0052983184754954e-106
437 1.5567563788599105e-106
438 2.4162216816285303e-106
439 3.7587294957708123e-106
440 5.860454457005473e-106
441 9.158096464660032e-106
442 1.4343680545262022e-105
443 2.2516208097252952e-105
444 3.542476347110793e-105
445 5.585904766136011e-105
446 8.827805874369545e-105
447 1.3982425920576955e-104
448 2.2196301810950966e-104
449 3.53138365896946e-104
450 5.630840519632572e-104
451 8.998361954917952e-104
452 1.4411642197417088e-103
453 2.313242426141277e-103
454 3.7212117569405406e-103
455 5.999306908561002e-103
456 9.693244033999652e-103
457 1.5695910183593935e-102
458 2.5471298442761676e-102
459 4.142483847444851e-102
460 6.751708288923931e-102
461 1.1028274822024474e-101
462 1.8052631568079918e-101
463 2.961491294367284e-101
464 4.868726595025622e-101
465 8.021457578554889e-101
466 1.324409147543599e-100
467 2.191391827796077e-100
468 3.633665171193843e-100
469 6.038023550129855e-100
470 1.0054668597145464e-99
471 1.6778835762976537e-99
472 2.8059184186927314e-99
473 4.702247346541041e-99
474 7.896800756019925e-99
475 1.3289549105707363e-98
476 2.241200705343631e-98
477 3.787571014843876e-98
478 6.414287871739842e-98
479 1.0885336165667994e-97
480 1.8511392746023777e-97
481 3.1545565574039523e-97
482 5.386884271128142e-97
483 9.21796840743488e-97
484 1.5806261901813566e-96
485 2.7159243836614772e-96
486 4.676262456892509e-96
487 8.068094086771342e-96
488 1.3948646835853404e-95
489 2.41646458765997e-95
490 4.1948285474782493e-95
491 7.296786116473005e-95
492 1.2718352141386167e-94
493 2.221314824649573e-94
494 3.8874753255856087e-94
495 6.817131388573834e-94
496 1.1978719799008242e-93
497 2.109075432015538e-93
498 3.7208745913657203e-93
499 6.577599433922647e-93
500 1.1650848187447697e-92
501 2.067824451147185e-92
502 3.677342386640616e-92
503 6.552650893619229e-92
504 1.1699326075335646e-91
505 2.0929738839734047e-91
506 3.7516665028583037e-91
507 6.738145816115922e-91
508 1.212580736227419e-90
509 2.18641867234935e-90
510 3.9500875794733745e-90
511 7.1503811501876574e-90
512 1.2968778537849e-89
513 2.356756531082864e-89
514 4.2911577894403724e-89
515 7.828467109887217e-89
516 1.4309347461237217e-88
517 2.6206085501055687e-88
518 4.8086380144663295e-88
519 8.840524098484474e-88
520 1.6284271263646049e-87
521 3.0053249242491663e-87
522 5.557068281064321e-87
523 1.0295077975611665e-86
524 1.9109158959172264e-86
525 3.553693399856563e-86
526 6.621299281060065e-86
527 1.2360322355443974e-85
528 2.311735458958131e-85
529 4.331782857416112e-85
530 8.13230919316175e-85
531 1.5296011670371245e-84
532 2.8824256625333655e-84
533 5.441919106711487e-84
534 1.0293393641303365e-83
535 1.9506353813067238e-83
536 3.703421280303304e-83
537 7.044304757842503e-83
538 1.3423929212781762e-82
539 2.562867614248186e-82
540 4.9020327287848794e-82
541 9.393517950353165e-82
542 1.8033535702170065e-81
543 3.4684271462306575e-81
544 6.683160329758924e-81
545 1.2901117536512052e-80
546 2.4949823374352607e-80
547 4.8339355888588164e-80
548 9.382661249461745e-80
549 1.8244903367763443e-79
550 3.5542339862540726e-79
551 6.936461017756845e-79
552 1.3561756607904848e-78
553 2.6563089340302768e-78
554 5.212240496298262e-78
555 1.0245947481842676e-77
556 2.0177168275928137e-77
557 3.980588810555575e-77
558 7.867052279581082e-77
559 1.5575893936731686e-76
560 3.0893617695618776e-76
561 6.138440015998523e-76
562 1.2218541026816344e-75
563 2.4364157762601355e-75
564 4.866904289511295e-75
565 9.73917565944085e-75
566 1.952352474680552e-74
567 3.920663228698158e-74
568 7.887235159804779e-74
569 1.5894711006497085e-73
570 3.208793300423031e-73
571 6.489194268524102e-73
572 1.3146144746863063e-72
573 2.6678617538504573e-72
574 5.4235567846167e-72
575 1.104484709048591e-71
576 2.253141985591652e-71
577 4.604361832169834e-71
578 9.425427605343258e-71
579 1.9327786316552407e-70
580 3.970190213613471e-70
581 8.169347544767493e-70
582 1.6838717352862585e-69
583 3.476761827790608e-69
584 7.190910773730997e-69
585 1.489822797551948e-68
586 3.0919027322944837e-68
587 6.427709813050756e-68
588 1.3385194171534864e-67
589 2.792092568892808e-67
590 5.83405374313965e-67
591 1.2210832402203688e-66
592 2.560077474240134e-66
593 5.376414009916761e-66
594 1.131000578044454e-65
595 2.383209656348644e-65
596 5.030252093485727e-65
597 1.0635162009683576e-64
598 2.2522889917715663e-64
599 4.777806449904395e-64
600 1.0152107744427496e-63
601 2.1607569046756385e-63
602 4.6065567684461536e-63
603 9.837088487862529e-63
604 2.1041426069447264e-62
605 4.5081776171578875e-62
606 9.674821011726714e-62
607 2.0796955085720287e-61
608 4.477857696284275e-61
609 9.657247680684617e-61
610 2.0861610523813705e-60
611 4.513906031000241e-60
612 9.782869330035649e-60
613 2.1236742141659823e-59
614 4.6175997434587745e-59
615 1.0056579212373461e-58
616 2.1937580612370785e-58
617 4.7932545947045736e-58
618 1.0489974785387431e-57
619 2.2994259980570394e-57
620 5.048523085850578e-57
621 1.1102174413024045e-56
622 2.4453972097662707e-56
623 5.394948799331494e-56
624 1.1921219251486985e-55
625 2.638446818378956e-55
626 5.848833078116475e-55
627 1.2986203899512174e-54
628 2.887927026242797e-54
629 6.432504842054715e-54
630 1.4350361568010808e-53
631 3.206515101405173e-53
632 7.176131238382801e-53
633 1.6085442351249251e-52
634 3.6112713054363765e-52
635 8.120272827771423e-52
636 1.8287883515912838e-51
637 4.125128903211174e-51
638 9.319482255340953e-51
639 2.1087503530040817e-50
640 4.778995387628599e-50
641 1.0847385084043548e-49
642 2.4659794569786947e-49
643 5.61472836160523e-49
644 1.2803888927788669e-48
645 2.92433992926234e-48
646 6.689375541091543e-48
647 1.5325478092884564e-47
648 3.516512626180111e-47
649 8.081258429002627e-47
650 1.8600021490473336e-46
651 4.287602433146177e-46
652 9.898768364120198e-46
653 2.2888239350473078e-45
654 5.300381963464069e-45
655 1.229318712870182e-44
656 2.855507811106997e-44
657 6.642976882331777e-44
658 1.5477530028098413e-43
659 3.611595431239888e-43
660 8.440225756401246e-43
661 1.975447834664899e-42
662 4.630550362145443e-42
663 1.0870617472843976e-41
664 2.5558148288913933e-41
665 6.018068765852473e-41
666 1.419176840910127e-40
667 3.351710638921884e-40
668 7.927681250267405e-40
669 1.877908948987406e-39
670 4.455029711883357e-39
671 1.0584575261743978e-38
672 2.518500615330899e-38
673 6.00144076469563e-38
674 1.4322303320148598e-37
675 3.423049170138776e-37
676 8.193234500429459e-37
677 1.9639872405803892e-36
678 4.714786414970684e-36
679 1.1335078382152666e-35
680 2.72913635739216e-35
681 6.580565397548409e-35
682 1.5890498330679904e-34
683 3.842795086227707e-34
684 9.306607757554517e-34
685 2.2571953247468826e-33
686 5.482510843195594e-33
687 1.333587640104727e-32
688 3.2485863254374203e-32
689 7.924961021218174e-32
690 1.9361046071573114e-31
691 4.736838228416375e-31
692 1.160580934186048e-30
693 2.8476627235762984e-30
694 6.997243813811882e-30
695 1.7218285407125194e-29
696 4.243032322835886e-29
697 1.0470934102257164e-28
698 2.58771396531713e-28
699 6.404245634794507e-28
700 1.5872293077212323e-27
701 3.939403487426264e-27
702 9.79128005727989e-27
703 2.4370577372951086e-26
704 6.074473272874438e-26
705 1.516236756401748e-25
706 3.7900080463380756e-25
707 9.48696047144558e-25
708 2.3780831256998527e-24
709 5.969515562159971e-24
710 1.5005912226491155e-23
711 3.7774272719059516e-23
712 9.52224521094938e-23
713 2.403761062754524e-22
714 6.076465894000223e-22
715 1.5382177459445573e-21
716 3.899336428408537e-21
717 9.898488635609662e-21
718 2.5162368616416444e-20
719 6.405274721023346e-20
720 1.6327766240947235e-19
721 4.1679041538741413e-19
722 1.0653928445506496e-18
723 2.7271065115867457e-18
724 6.990268682606716e-18
725 1.7942553712652543e-17
726 4.6118209165922795e-17
727 1.1870187695910795e-16
728 3.0594185118673115e-16
729 7.896152535267526e-16
730 2.0407353553813868e-15
731 5.281430332738887e-15
732 1.3687033148834899e-14
733 3.551887251232827e-14
734 9.22997035452418e-14
735 2.4017727850427224e-13
736 6.2582543449371e-13
737 1.6329142420163185e-12
738 4.2664005245631315e-12
739 1.1162132045640338e-11
740 2.92428151533267e-11
741 7.671440178615192e-11
742 2.0152064207313542e-10
743 5.300859564334915e-10
744 1.3962281809427206e-9
745 3.6825534413851353e-9
746 9.725758786854904e-9
747 2.572047173033512e-8
748 6.811058146156359e-8
749 1.8060496902975112e-7
750 4.795384981845376e-7
751 1.27495591848245e-6
752 3.394251343032234e-6
753 9.048346025020193e-6
754 2.4152940482030987e-5
755 6.455734613357777e-5
756 1.7278077333066883e-4
757 4.630399763984424e-4
758 1.2425507458679408e-3
759 3.338732316825103e-3
760 8.982973836693978e-3
761 2.420075896816875e-2
762 6.52840978864534e-2
763 0.17634154921983905
764 0.4769468403164211
765 1.2916731664644134
766 3.5026915630321835
767 9.510799231115216
768 25.85813832821395
769 70.39501130537069
770 191.88903878845542
771 523.7467932254107
772 1431.3794664425566
773 3916.9647063778916
774 10732.608275957367
775 29445.634722471987
776 80890.19127822343
777 222499.6772975124
778 612802.8436911969
779 1689932.2979573687
780 4666317.385049398
781 1.2901344276843565e7
782 3.5715000997960374e7
783 9.899668951034309e7
784 2.7475415821351874e8
785 7.635206157986261e8
786 2.1244643658924606e9
787 5.918744895914753e9
788 1.651051351692164e10
789 4.611493821223816e10
790 1.2896506338743864e11
791 3.611197337439351e11
792 1.0124611685338188e12
793 2.842188298944016e12
794 7.988660181195226e12
795 2.248231300542649e13
796 6.335097282638478e13
797 1.7873522829036453e14
798 5.0490645256298975e14
799 1.42808774617599e15
800 4.0442816796776335e15
801 1.1467526549113698e16
802 3.255661861181006e16
803 9.254422773342987e16
804 2.6338995827268086e17
805 7.505649075970697e17
806 2.1414887264143624e18
807 6.117601141012558e18
808 1.7497809629180475e19
809 5.0109805381181506e19
810 1.43680417933616e20
811 4.124844933626688e20
812 1.1856382167464372e21
813 3.4121696368023154e21
814 9.83200849104031e21
815 2.8365237761043843e22
816 8.19336894967112e22
817 2.3695716471762133e23
818 6.861321637728531e23
819 1.989187239910468e24
820 5.77394786663708e24
821 1.6780261120322873e25
822 4.882616237619338e25
823 1.4224396392607138e26
824 4.14898477111843e26
825 1.2116465115775378e27
826 3.5427091284237296e27
827 1.0370982131150659e28
828 3.0396842392965276e28
829 8.919913061119316e28
830 2.6206903227461728e29
831 7.708912092925695e29
832 2.2703465772052364e30
833 6.694409520741335e30
834 1.9762997715522404e31
835 5.841349192896091e31
836 1.7285928018375613e32
837 5.121424731040667e32
838 1.519171599836388e33
839 4.511699842465708e33
840 1.3414987638984495e34
841 3.9935254152920717e34
842 1.1902497908797293e35
843 3.551686701702005e35
844 1.0610734529468095e36
845 3.173729474220933e36
846 9.504021512854708e36
847 2.849425852705111e37
848 8.553013353513972e37
849 2.570349484972394e38
850 7.733495574042505e38
851 2.329536620522076e39
852 7.025426283555291e39
853 2.121214865442438e40
854 6.412167948496538e40
855 1.940585437052124e41
856 5.8798697567936214e41
857 1.7836478414318233e42
858 5.4169695828949095e42
859 1.6470582958255328e43
860 5.013791236858786e43
861 1.5280150770504517e44
862 4.662217862350395e44
863 1.424165422345562e45
864 4.355426382701944e45
865 1.3335297360521282e46
866 4.0876710446990414e46
867 1.2544397369351178e47
868 3.854106577568433e47
869 1.1854878724297093e48
870 3.6506434236371904e48
871 1.125485870243769e49
872 3.473829025401858e49
873 1.0734307273170966e50
874 3.320750362190684e50
875 1.0284767763807226e51
876 3.188953888410701e51
877 9.899127408006857e51
878 3.076379788909372e52
879 9.571429041798556e52
880 2.9813080774992522e53
881 9.296716941231086e53
882 2.9023145551503833e54
883 9.070911188638551e54
884 2.838235040562116e55
885 8.890706083404638e55
886 2.7881366081001372e56
887 8.753489035115585e56
888 2.7512948325120737e57
889 8.657277137484351e57
890 2.727176259251685e58
891 8.600669256798794e58
892 2.715425503993996e59
893 8.582812008414923e59
894 2.715856543468296e60
895 8.603378463320429e60
896 2.728447899115017e61
897 8.66255884453895e61
898 2.753341541299814e62
899 8.761062857912185e62
900 2.7908454601985702e63
901 8.900133669572596e63
902 2.84143996487162e64
903 9.08157390821767e64
904 2.9057878891578307e65
905 9.307784448909468e65
906 2.9847490065687545e66
907 9.581817141854299e66
908 3.079399091358758e67
909 9.907443101036929e67
910 3.1910542149247105e68
911 1.0289238682351116e69
912 3.3213010419876025e69
913 1.0732691880669107e70
914 3.472034097091569e70
915 1.1244332585945764e71
916 3.6455012177952075e71
917 1.1831890991254787e72
918 3.844358707478315e72
919 1.250448947904129e73
920 4.071738061465062e73
921 1.3272874573507028e74
922 4.3313265820020833e74
923 1.4149697096444179e75
924 4.627464741606826e75
925 1.5149850575745423e76
926 4.965263826949698e76
927 1.6290880324515414e77
928 5.350748230280596e77
929 1.7593478553529542e78
930 5.791027794967102e78
931 1.908208455227729e79
932 6.294506920042065e79
933 2.0785613566994402e80
934 6.871138754709711e80
935 2.273834376439211e81
936 7.532734855689557e81
937 2.498099791276633e82
938 8.293343251092064e82
939 2.7562065542785166e83
940 9.169711099433737e83
941 3.0539422889539066e84
942 1.018185223847173e85
943 3.398232253737971e85
944 1.1353745127315827e86
945 3.797384325844328e86
946 1.271419330942003e87
947 4.261391418046512e87
948 1.4297888969262219e88
949 4.802305760225782e88
950 1.6146730949482133e89
951 5.434703340093367e89
952 1.8311462426022176e90
953 6.176261753043356e90
954 2.0853711205763223e91
955 7.048481085071812e91
956 2.3848538492727214e92
957 8.077585672089715e92
958 2.738763151314019e93
959 9.295655205339142e93
960 3.15833136350413e94
961 1.0742047426445248e95
962 3.6573595255911883e95
963 1.2465192555665157e96
964 4.252855332387392e96
965 1.4524862920184376e97
966 4.965841163058115e97
967 1.6995051719100103e98
968 5.822380425417289e98
969 1.996763477334314e99
970 6.854884912375472e99
971 2.355704152743943e100
972 8.103784883499999e100
973 2.7906230599644215e101
974 9.619668660088607e101
975 3.319435632658857e102
976 1.1466031677609074e103
977 3.964663343260393e103
978 1.3722818897577844e104
979 4.7547067177546644e104
980 1.6491002920941887e105
981 5.725492963718789e105
982 1.9898518051044148e106
983 6.922614751110265e106
984 2.4107974696871548e107
985 8.404114801338653e107
986 2.9326718108220653e108
987 1.0244122104905267e109
988 3.5819983087667126e109
989 1.253761446020723e110
990 4.39281492757135e110
991 1.5406674994320007e111
992 5.408944353541469e111
993 1.900873617439433e112
994 6.68698994747192e112
995 2.3547475655882968e113
996 8.300301425100647e113
997 2.928726088325999e114
998 1.0344240181712284e115
999 3.6572356869603217e115
1000 1.2943191619626046e116
