0 8.385254915624212e-3
1 1.875e-4
2 5.502823538378389e-6
3 2.1093749999999997e-7
4 1.0366926487480712e-8
5 6.328124999999999e-10
6 4.635867815458367e-11
7 3.9583740234374996e-12
8 3.851852206557914e-13
9 4.2001693725585926e-14
10 5.066816444804287e-15
11 6.69442085266113e-16
12 9.60922551044904e-17
13 1.488549479198455e-17
14 2.4745584530518374e-18
15 4.3934300229629845e-19
16 8.296035577700325e-20
17 1.6600108465407302e-20
18 3.508488099262061e-21
19 7.809894005373823e-22
20 1.8262553953312055e-22
21 4.475619278294501e-23
22 1.1470899523208922e-23
23 3.0686892270711724e-24
24 8.553588950140779e-25
25 2.4801317706262295e-25
26 7.469260518644854e-26
27 2.3331949177520791e-26
28 7.549746505151282e-27
29 2.5275385581570558e-27
30 8.74496923888172e-28
31 3.1236066631021817e-28
32 1.1507022135673249e-28
33 4.3679234785414935e-29
34 1.7069197185305032e-29
35 6.861503750879652e-30
36 2.835016443708148e-30
37 1.2031008997529884e-30
38 5.240293301752861e-31
39 2.3411463632291686e-31
40 1.0721304388565755e-31
41 5.029823052722086e-32
42 2.4159951527143285e-32
43 1.1875212638996045e-32
44 5.969845797924107e-33
45 3.06793098040527e-33
46 1.6109516489512115e-33
47 8.639255198833561e-34
48 4.729743533803533e-34
49 2.642315524716784e-34
50 1.5057160776252731e-34
51 8.748732998024937e-35
52 5.181191580835775e-35
53 3.1263770628154773e-35
54 1.9214575564778997e-35
55 1.2024136464747835e-35
56 7.658993516748908e-36
57 4.9642095422059484e-36
58 3.2731024481253176e-36
59 2.1946993925538407e-36
60 1.4961510708585998e-36
61 1.0366777256170275e-36
62 7.299056295391706e-37
63 5.220770168985865e-37
64 3.79263503268858e-37
65 2.7975837680804734e-37
66 2.094887846535587e-37
67 1.5921248267009276e-37
68 1.2278292588521185e-37
69 9.60620720706971e-38
70 7.623075322951761e-38
71 6.134602555988729e-38
72 5.005375547429916e-38
73 4.13998974883727e-38
74 3.4705217247875284e-38
75 2.948124520754044e-38
76 2.537330904291489e-38
77 2.2121534510134975e-38
78 1.953389012032816e-38
79 1.7467384499427347e-38
80 1.581483632598723e-38
81 1.4495490240000613e-38
82 1.344831311037681e-38
83 1.2627177307850934e-38
84 1.1997387034202673e-38
85 1.1533172531084506e-38
86 1.1215892454247382e-38
87 1.1032764709456219e-38
88 1.0976002408925259e-38
89 1.1042272232116553e-38
90 1.1232422764189065e-38
91 1.1551454134622114e-38
92 1.2008720277273514e-38
93 1.2618373581267562e-38
94 1.3400080516364141e-38
95 1.4380057880294334e-38
96 1.5592504712119836e-38
97 1.7081537178594683e-38
98 1.8903776158132033e-38
99 2.113179426299363e-38
100 2.3858706807304527e-38
101 2.7204298394120996e-38
102 3.1323225636343576e-38
103 3.6416044604483216e-38
104 4.2744104181478284e-38
105 5.064976017106984e-38
106 6.05839529439836e-38
107 7.314403137390628e-38
108 8.912591204801806e-38
109 1.0959640388817103e-37
110 1.3599405461861894e-37
111 1.7027056007554558e-37
112 2.1509017928756748e-37
113 2.741125596162154e-37
114 3.523961715913023e-37
115 4.5697712140215015e-37
116 5.977044151196851e-37
117 7.884523491081715e-37
118 1.0488906343077949e-36
119 1.4070840568391298e-36
120 1.9033329902270298e-36
121 2.5958806636636562e-36
122 3.569444952397015e-36
123 4.948048478545066e-36
124 6.91442757566442e-36
125 9.739568900174364e-36
126 1.38279270616216e-35
127 1.978706254942882e-35
128 2.8535530477726694e-35
129 4.147103156762712e-35
130 6.073405480103127e-35
131 8.962371559605315e-35
132 1.3325757399605776e-34
133 1.9962484163696073e-34
134 3.012775640014378e-34
135 4.580624372962832e-34
136 7.015598988674047e-34
137 1.0823404056022112e-33
138 1.6818962705850107e-33
139 2.6323781364542303e-33
140 4.149434419236144e-33
141 6.587175615945065e-33
142 1.0530712038981217e-32
143 1.6952866514298025e-32
144 2.7481124756623735e-32
145 4.4855030384830894e-32
146 7.371446423308836e-32
147 1.2196608150954871e-31
148 2.031657016710073e-31
149 3.406960563740636e-31
150 5.751351397815428e-31
151 9.77326616613574e-31
152 1.6716978026481022e-30
153 2.8780973389325847e-30
154 4.987288890849894e-30
155 8.697948471919642e-30
156 1.5266677783779867e-29
157 2.696683802149923e-29
158 4.79353483516776e-29
159 8.574423656749452e-29
160 1.5433350016274867e-28
161 2.7951487861950083e-28
162 5.093573264383041e-28
163 9.338921706522054e-28
164 1.722706565410704e-27
165 3.197056582531651e-27
166 5.968950944815808e-27
167 1.1210856468096436e-26
168 2.1181527591744906e-26
169 4.025670776515195e-26
170 7.696028923248444e-26
171 1.4798841858367578e-25
172 2.862244202217209e-25
173 5.567869410291609e-25
174 1.089332470780923e-24
175 2.1434172640263115e-24
176 4.241445015086901e-24
177 8.440495317341518e-24
178 1.6890997163319054e-23
179 3.39908754337608e-23
180 6.878214383449052e-23
181 1.3995296465350338e-22
182 2.8633103221308375e-22
183 5.89008666105509e-22
184 1.2182293780252903e-21
185 2.533248985192639e-21
186 5.296092410648611e-21
187 1.1131397120984833e-20
188 2.3520576020436646e-20
189 4.996181684996764e-20
190 1.0668625047019326e-19
191 2.2900593213434313e-19
192 4.941300663093363e-19
193 1.0717177732851086e-18
194 2.3364293260235332e-18
195 5.1197234541810126e-18
196 1.127588628878677e-17
197 2.4960541887619948e-17
198 5.553226508743389e-17
199 1.2416919166160415e-16
200 2.790284886707544e-16
201 6.301424173348463e-16
202 1.4301240544864793e-15
203 3.2616923570189032e-15
204 7.475429152640315e-15
205 1.7216417136498946e-14
206 3.984306131578301e-14
207 9.265220544699502e-14
208 2.1649203428719792e-13
209 5.082779090259623e-13
210 1.1990128879277394e-12
211 2.8418425613320656e-12
212 6.76737213012093e-12
213 1.6191027463747307e-11
214 3.8918274940047583e-11
215 9.39827564534349e-11
216 2.2800737196892482e-10
217 5.557077946105051e-10
218 1.3606042925075808e-9
219 3.3465388944642935e-9
220 8.26855527370417e-9
221 2.0522214101140226e-8
222 5.116474378853591e-8
223 1.2813290358158287e-7
224 3.223184374182145e-7
225 8.143960662104409e-7
226 2.066825056568415e-6
227 5.268425842822874e-6
228 1.3488348290784794e-5
229 3.468399663771345e-5
230 8.957436780427753e-5
231 2.3233491506504802e-4
232 6.052199708353021e-4
233 1.5833322627888072e-3
234 4.159900856386171e-3
235 1.0975849450276142e-2
236 2.9082366700400618e-2
237 7.738380156709934e-2
238 0.206771852109481
239 0.5548124678155355
240 1.494881965528968
241 4.044510904929464
242 10.987935960476133
243 29.97435684030824
244 82.1031794773106
245 225.807930525486
246 623.5630035152914
247 1728.9256005454681
248 4813.046112681632
249 13452.546042399754
250 37750.50354097169
251 106357.44930167276
252 300838.31026685436
253 854302.4362569841
254 2435548.001228218
255 6970783.68703089
256 2.002902255758238e7
257 5.777295285065369e7
258 1.6728981856484675e8
259 4.8628191085867196e8
260 1.418972417066157e9
261 4.156431718964738e9
262 1.222142586869669e10
263 3.607209417137365e10
264 1.0687173330115068e11
265 3.178265572352325e11
266 9.48739994478069e11
267 2.842679096588455e12
268 8.549210639464261e12
269 2.580689477447467e13
270 7.818997569674411e13
271 2.377749421203293e14
272 7.257297049258133e14
273 2.2231649924622845e15
274 6.835191485506075e15
275 2.109143494934796e16
276 6.531791596156835e16
277 2.0301288375327533e17
278 6.332487623014391e17
279 1.982343849445681e18
280 6.227761527566921e18
281 1.9634859984108474e19
282 6.212423144380917e19
283 1.9725417857888076e20
284 6.285183654204156e20
285 2.0096987518994628e21
286 6.448517356840108e21
287 2.0763445877905205e22
288 6.708793084033851e22
289 2.175151816191308e23
290 7.076683885636237e23
291 2.3102550806827333e24
292 7.567891441316901e24
293 2.487537380550802e25
294 8.20425357685772e25
295 2.71505280647398e26
296 9.015343434990426e26
297 3.0036279390996245e27
298 1.0040722608937718e28
299 3.3677040451368713e28
300 1.1333085301324418e29
301 3.826510349253354e29
302 1.2962637025367654e30
303 4.405699082154398e30
304 1.5023205352197454e31
305 5.139631831244661e31
306 1.7640805497987524e32
307 6.07459319834124e32
308 2.0985716201789325e33
309 7.27333599284476e33
310 2.52896165574892e34
311 8.821553810140427e34
312 3.087007733323918e35
313 1.0837165374400946e36
314 3.81658230314288e36
315 1.3483732702955542e37
316 4.7787890327870955e37
317 1.6990003999012006e38
318 6.0594430464604926e38
319 2.167860190936144e39
320 7.780095485172127e39
321 2.800847499039859e40
322 1.011441313174781e41
323 3.6638226362694594e41
324 1.3312713438112541e42
325 4.852136426435261e42
326 1.7739019595915153e43
327 6.505075661722347e43
328 2.392749215995899e44
329 8.827954615191937e44
330 3.2669094069292145e45
331 1.212618577154848e46
332 4.514581825230095e46
333 1.6858274044849736e47
334 6.314036169346678e47
335 2.3718953665735217e48
336 8.936647878074354e48
337 3.3770741728756676e49
338 1.279939920501215e50
339 4.865391840136052e50
340 1.8549045034651373e51
341 7.092462513270482e51
342 2.7198226697051596e52
343 1.0460404639661437e53
344 4.034754037169171e53
345 1.560783555658842e54
346 6.055105359565948e54
347 2.3558656967608312e55
348 9.192329154842372e55
349 3.597023322522031e56
350 1.4115622757075468e57
351 5.5551067646880585e57
352 2.1923851366968678e58
353 8.677005536833175e58
354 3.443880082436123e59
355 1.3707171327876815e60
356 5.470989846733541e60
357 2.1897715846563643e61
358 8.789075062658589e61
359 3.5374931846030016e62
360 1.4277520071395297e63
361 5.778449783575155e63
362 2.3451357637407332e64
363 9.543758082294686e64
364 3.894595544152231e65
365 1.5936522162443192e66
366 6.5389760257945455e66
367 2.6903434155824524e67
368 1.1099010673515923e68
369 4.5913056144873255e68
370 1.9044095314784053e69
371 7.920517299392643e69
372 3.3030311142989354e70
373 1.3811300619450811e71
374 5.790501554244271e71
375 2.434189522976238e72
376 1.0259970808921045e73
377 4.335990635704255e73
378 1.8372911390085966e74
379 7.805703241424747e74
380 3.3249681906582183e75
381 1.420042572128448e76
382 6.080659275357718e76
383 2.6105525914701855e77
384 1.1236828515867846e78
385 4.849329091143131e78
386 2.098182427648557e79
387 9.101764963310318e79
388 3.958456580555083e80
389 1.7260015556396598e81
390 7.545163453746831e81
391 3.3067811536268415e82
392 1.4529436131454625e83
393 6.4002326317109e83
394 2.8264652769023906e84
395 1.2513813002857235e85
396 5.554321435258315e85
397 2.471524636629237e86
398 1.102525703396616e87
399 4.930598263958998e87
400 2.2105223773667617e88
401 9.935092472135778e88
402 4.476390083899466e89
403 2.0219028077345425e90
404 9.15516769543507e90
405 4.15569209482876e91
406 1.8909881873148814e92
407 8.625813082651678e92
408 3.9443408212689483e93
409 1.8080456583735362e94
410 8.308111891628015e94
411 3.826931541299042e95
412 1.7670624742779605e96
413 8.179060547319071e96
414 3.794920796596322e97
415 1.7650103707470162e98
416 8.228762909538341e98
417 3.8455820523532707e99
418 1.8014714104014896e100
419 8.459173867823584e100
420 3.981634142468264e101
421 1.8785602345065514e102
422 8.884169420013615e102
423 4.211473239327422e103
424 2.0011256082457835e104
425 9.530931319074432e104
426 4.5500338041852564e105
427 2.1772576107027546e106
428 1.0442838252106318e107
429 5.020401669566678e107
430 2.419174580146793e108
431 1.1684293257937782e109
432 5.656422648350379e109
433 2.744625574506684e110
434 1.3348236801500266e111
435 6.506717440874838e111
436 3.179032414319743e112
437 1.5567563788598357e113
438 7.640763845828007e113
439 3.7587294957706305e114
440 1.8532384207821717e115
441 9.158096464659585e115
442 4.5358700552871675e116
443 2.2516208097251848e117
444 1.1202293814142792e118
445 5.585904766135734e118
446 2.7915973304820617e119
447 1.3982425920576262e120
448 7.01908693551217e120
449 3.531383658969284e121
450 1.7806281183204104e122
451 8.998361954917502e122
452 4.55736141672297e123
453 2.313242426141161e124
454 1.1767504807728405e125
455 5.999306908560699e125
456 3.0652729063275977e126
457 1.569591018359314e127
458 8.054731804102278e127
459 4.142483847444641e128
460 2.1350776290036733e129
461 1.1028274822023913e130
462 5.708743351498666e130
463 2.9614912943671327e131
464 1.5396265344916396e132
465 8.021457578554479e132
466 4.188149460199556e133
467 2.1913918277959645e134
468 1.1490658195397607e135
469 6.038023550129544e135
470 3.1795653885148005e136
471 1.677883576297567e137
472 8.873093131686551e137
473 4.702247346540798e138
474 2.497187661756128e139
475 1.3289549105706673e140
476 7.0872989224614085e140
477 3.7875710148436775e141
478 2.0283759242690817e142
479 1.088533616566742e143
480 5.853816373935089e143
481 3.154556557403785e144
482 1.703482378850004e145
483 9.217968407434387e145
484 4.998378890287291e146
485 2.7159243836613312e147
486 1.4787640300514487e148
487 8.068094086770907e148
488 4.410949427859521e149
489 2.4164645876598394e150
490 1.3265212603926323e151
491 7.296786116472609e151
492 4.021896085085796e152
493 2.2213148246494522e153
494 1.2293276376554499e154
495 6.817131388573461e154
496 3.7880038017818355e155
497 2.109075432015422e156
498 1.1766438596563316e157
499 6.577599433922284e157
500 3.684321694517707e158
501 2.0678244511470703e159
502 1.1628777678063248e160
503 6.552650893618867e160
504 3.699651748705727e161
505 2.092973883973289e162
506 1.1863811170390186e163
507 6.738145816115547e163
508 3.83451697332228e164
509 2.186418672349228e165
510 1.2491273708276543e166
511 7.15038115018726e166
512 4.101087864990875e167
513 2.356756531082732e168
514 1.3569832413804055e169
515 7.828467109886778e169
516 4.5250129808255023e170
517 2.620608550105421e171
518 1.5206248568982448e172
519 8.840524098483975e172
520 5.149538722914689e173
521 3.005324924248996e174
522 1.7572992881239e175
523 1.029507797561108e176
524 6.042846648119344e176
525 3.5536933998563595e177
526 2.093838679778399e178
527 1.2360322355443264e179
528 7.310349398081973e179
529 4.331782857415863e180
530 2.5716619687115854e181
531 1.529601167037036e182
532 9.115030279724773e182
533 5.441919106711172e183
534 3.255056875921099e184
535 1.95063538130661e185
536 1.171124638089463e186
537 7.04430475784209e186
538 4.2450191461258965e187
539 2.5628676142480346e188
540 1.550158858764975e189
541 9.39351795035261e189
542 5.70270470848179e190
543 3.4684271462304514e191
544 2.1134008610118926e192
545 1.2901117536511283e193
546 7.88982690818574e193
547 4.833935588858526e194
548 2.9670580062098623e195
549 1.8244903367762342e196
550 1.123947473374178e197
551 6.936461017756424e197
552 4.288603995381581e198
553 2.656308934030116e199
554 1.6482551680867938e200
555 1.0245947481842051e201
556 6.38058084844218e201
557 3.980588810555332e202
558 2.4877803675094453e203
559 1.5575893936730728e204
560 9.769419708063177e204
561 6.138440015998144e205
562 3.863841932894974e206
563 2.4364157762599844e207
564 1.539050270889827e208
565 9.739175659440243e208
566 6.173880615456375e209
567 3.9206632286979125e210
568 2.4941627546343666e211
569 1.5894711006496085e212
570 1.0147095370025074e213
571 6.489194268523691e213
572 4.1571759850342326e214
573 2.6678617538502876e215
574 1.7150792458646945e216
575 1.1044847090485206e217
576 7.12506056622345e217
577 4.60436183216954e218
578 2.9805819153909424e219
579 1.932778631655117e220
580 1.25548438191282e221
581 8.169347544766967e221
582 5.324869971084356e222
583 3.4767618277903836e223
584 2.273965649603218e224
585 1.489822797551852e225
586 9.777454937747784e225
587 6.427709813050338e226
588 4.232770050565796e227
589 2.7920925688926265e228
590 1.8448897820151023e229
591 1.2210832402202887e230
592 8.095675805089335e230
593 5.376414009916406e231
594 3.576537861587265e232
595 2.383209656348487e233
596 1.590705382024409e234
597 1.0635162009682873e235
598 7.122363162921915e235
599 4.777806449904079e236
600 3.210378352382334e237
601 2.1607569046754955e238
602 1.4567211559153749e239
603 9.837088487861874e239
604 6.653883159749321e240
605 4.5081776171575883e241
606 3.0594470351508996e242
607 2.0796955085718905e243
608 1.4160229358371864e244
609 9.657247680683972e244
610 6.597020491458523e245
611 4.5139060309999395e246
612 3.0936149134716065e247
613 2.1236742141658405e248
614 1.4602132512337945e249
615 1.0056579212372788e250
616 6.937272108863845e250
617 4.793254594704253e251
618 3.3172212919558037e252
619 2.2994259980568848e253
620 1.5964831771228534e254
621 1.1102174413023296e255
622 7.733024966681446e255
623 5.394948799331132e256
624 3.7698205320943974e257
625 2.638446818378779e258
626 1.8495634180980343e259
627 1.29862038995113e260
628 9.132427119283481e260
629 6.43250484205428e261
630 4.537982780185639e262
631 3.206515101404956e263
632 2.269291950157284e264
633 1.6085442351248164e265
634 1.1419842573987781e266
635 8.120272827770874e266
636 5.78313654941288e267
637 4.125128903210893e268
638 2.9470790540398316e269
639 2.1087503530039379e270
640 1.5112510352344607e271
641 1.0847385084042805e272
642 7.798111747237343e272
643 5.614728361604845e273
644 4.048945191962059e274
645 2.9243399292621394e275
646 2.1153662834069093e276
647 1.5325478092883507e277
648 1.1120189319468634e278
649 8.081258429002066e278
650 5.881843243797151e279
651 4.287602433145879e280
652 3.1302654061036615e281
653 2.288823935047148e282
654 1.6761279473420662e283
655 1.2293187128700957e284
656 9.029908559499332e284
657 6.642976882331312e285
658 4.894424744243744e286
659 3.611595431239634e287
660 2.6690337356243544e288
661 1.9754478346647596e289
662 1.4643085964496097e290
663 1.0870617472843203e291
664 8.082196136929747e291
665 6.018068765852045e292
666 4.487831219838108e293
667 3.351710638921645e294
668 2.506952931465455e295
669 1.8779089489872713e296
670 1.40880409332741e297
671 1.0584575261743218e298
672 7.964198232980644e298
673 6.001440764695196e299
674 4.529109983145804e300
675 3.4230491701385285e301
676 2.5909282425227035e302
677 1.963987240580247e303
678 1.4909463752526075e304
679 1.1335078382151842e305
680 8.630286934533906e305
681 NaN
682 NaN
683 NaN
684 NaN
685 NaN
686 NaN
687 NaN
688 NaN
689 NaN
690 NaN
691 NaN
692 NaN
693 NaN
694 NaN
695 NaN
696 NaN
697 NaN
698 NaN
699 NaN
700 NaN
701 NaN
702 NaN
703 NaN
704 NaN
705 NaN
706 NaN
707 NaN
708 NaN
709 NaN
710 NaN
711 NaN
712 NaN
713 NaN
714 NaN
715 NaN
716 NaN
717 NaN
718 NaN
719 NaN
720 NaN
721 NaN
722 NaN
723 NaN
724 NaN
725 NaN
726 NaN
727 NaN
728 NaN
729 NaN
730 NaN
731 NaN
732 NaN
733 NaN
734 NaN
735 NaN
736 NaN
737 NaN
738 NaN
739 NaN
740 NaN
741 NaN
742 NaN
743 NaN
744 NaN
745 NaN
746 NaN
747 NaN
748 NaN
749 NaN
750 NaN
751 NaN
752 NaN
753 NaN
754 NaN
755 NaN
756 NaN
757 NaN
758 NaN
759 NaN
760 NaN
761 NaN
762 NaN
763 NaN
764 NaN
765 NaN
766 NaN
767 NaN
768 NaN
769 NaN
770 NaN
771 NaN
772 NaN
773 NaN
774 NaN
775 NaN
776 NaN
777 NaN
778 NaN
779 NaN
780 NaN
781 NaN
782 NaN
783 NaN
784 NaN
785 NaN
786 NaN
787 NaN
788 NaN
789 NaN
790 NaN
791 NaN
792 NaN
793 NaN
794 NaN
795 NaN
796 NaN
797 NaN
798 NaN
799 NaN
800 NaN
801 NaN
802 NaN
803 NaN
804 NaN
805 NaN
806 NaN
807 NaN
808 NaN
809 NaN
810 NaN
811 NaN
812 NaN
813 NaN
814 NaN
815 NaN
816 NaN
817 NaN
818 NaN
819 NaN
820 NaN
821 NaN
822 NaN
823 NaN
824 NaN
825 NaN
826 NaN
827 NaN
828 NaN
829 NaN
830 NaN
831 NaN
832 NaN
833 NaN
834 NaN
835 NaN
836 NaN
837 NaN
838 NaN
839 NaN
840 NaN
841 NaN
842 NaN
843 NaN
844 NaN
845 NaN
846 NaN
847 NaN
848 NaN
849 NaN
850 NaN
851 NaN
852 NaN
853 NaN
854 NaN
855 NaN
856 NaN
857 NaN
858 NaN
859 NaN
860 NaN
861 NaN
862 NaN
863 NaN
864 NaN
865 NaN
866 NaN
867 NaN
868 NaN
869 NaN
870 NaN
871 NaN
872 NaN
873 NaN
874 NaN
875 NaN
876 NaN
877 NaN
878 NaN
879 NaN
880 NaN
881 NaN
882 NaN
883 NaN
884 NaN
885 NaN
886 NaN
887 NaN
888 NaN
889 NaN
890 NaN
891 NaN
892 NaN
893 NaN
894 NaN
895 NaN
896 NaN
897 NaN
898 NaN
899 NaN
900 NaN
901 NaN
902 NaN
903 NaN
904 NaN
905 NaN
906 NaN
907 NaN
908 NaN
909 NaN
910 NaN
911 NaN
912 NaN
913 NaN
914 NaN
915 NaN
916 NaN
917 NaN
918 NaN
919 NaN
920 NaN
921 NaN
922 NaN
923 NaN
924 NaN
925 NaN
926 NaN
927 NaN
928 NaN
929 NaN
930 NaN
931 NaN
932 NaN
933 NaN
934 NaN
935 NaN
936 NaN
937 NaN
938 NaN
939 NaN
940 NaN
941 NaN
942 NaN
943 NaN
944 NaN
945 NaN
946 NaN
947 NaN
948 NaN
949 NaN
950 NaN
951 NaN
952 NaN
953 NaN
954 NaN
955 NaN
956 NaN
957 NaN
958 NaN
959 NaN
960 NaN
961 NaN
962 NaN
963 NaN
964 NaN
965 NaN
966 NaN
967 NaN
968 NaN
969 NaN
970 NaN
971 NaN
972 NaN
973 NaN
974 NaN
975 NaN
976 NaN
977 NaN
978 NaN
979 NaN
980 NaN
981 NaN
982 NaN
983 NaN
984 NaN
985 NaN
986 NaN
987 NaN
988 NaN
989 NaN
990 NaN
991 NaN
992 NaN
993 NaN
994 NaN
995 NaN
996 NaN
997 NaN
998 NaN
999 NaN
1000 NaN
