0 2.651650429449553e-2
1 1.8749999999999995e-3
2 1.7401455943262683e-4
3 2.1093749999999984e-5
4 3.2783100035968075e-6
5 6.328124999999992e-7
6 1.465990122831756e-7
7 3.958374023437494e-8
8 1.2180626183068347e-8
9 4.200169372558586e-9
10 1.602268045157834e-9
11 6.69442085266112e-10
12 3.038703916321304e-10
13 1.4885494791984526e-10
14 7.825240914866634e-11
15 4.393430022962976e-11
16 2.6234367975323762e-11
17 1.660010846540727e-11
18 1.109481353726301e-11
19 7.809894005373808e-12
20 5.775126638417832e-12
21 4.475619278294492e-12
22 3.627416930427961e-12
23 3.0686892270711652e-12
24 2.7048823251293227e-12
25 2.4801317706262236e-12
26 2.3619875676088245e-12
27 2.333194917752073e-12
28 2.3874394713174128e-12
29 2.527538558157049e-12
30 2.765402086297526e-12
31 3.123606663102173e-12
32 3.638839903470245e-12
33 4.367923478541481e-12
34 5.397754093609894e-12
35 6.861503750879633e-12
36 8.965109166148259e-12
37 1.2031008997529852e-11
38 1.6571262440863025e-11
39 2.3411463632291624e-11
40 3.39037413558266e-11
41 5.029823052722071e-11
42 7.640047498503589e-11
43 1.1875212638996009e-10
44 1.8878310001425416e-10
45 3.06793098040526e-10
46 5.094276411089812e-10
47 8.63925519883353e-10
48 1.4956762315272702e-9
49 2.642315524716774e-9
50 4.76149231483074e-9
51 8.748732998024903e-9
52 1.6384366389129398e-8
53 3.126377062815466e-8
54 6.076182305811762e-8
55 1.202413646474779e-7
56 2.4219864097389437e-7
57 4.964209542205929e-7
58 1.0350458751149084e-6
59 2.1946993925538328e-6
60 4.731245107613131e-6
61 1.0366777256170237e-5
62 2.3081642663228476e-5
63 5.220770168985845e-5
64 1.1993365037043019e-4
65 2.7975837680804626e-4
66 6.624617037657704e-4
67 1.5921248267009211e-3
68 3.8827370357691366e-3
69 9.606207207069669e-3
70 2.4106280795551105e-2
71 6.1346025559887024e-2
72 0.15828387274390626
73 0.41399897488372517
74 1.0974753319424584
75 2.948124520754031
76 8.02374483509577
77 22.12153451013486
78 61.77158434369724
79 174.6738449942725
80 500.1090361288851
81 1449.549024000053
82 4252.730011589387
83 12627.17730785086
84 37939.068998652656
85 115331.72531084438
86 354677.66146917385
87 1103276.4709456156
88 3470916.721569847
89 1.1042272232116489e7
90 3.5520039576761626e7
91 1.1551454134622042e8
92 3.7974907860032827e8
93 1.2618373581267483e9
94 4.237477526135561e9
95 1.4380057880294239e10
96 4.930782931720642e10
97 1.7081537178594574e11
98 5.977898903768418e11
99 2.1131794262993496e12
100 7.544785553724587e12
101 2.7204298394120824e13
102 9.905273667422213e13
103 3.641604460448299e14
104 1.3516872575699775e15
105 5.064976017106954e15
106 1.9158328095945048e16
107 7.314403137390582e16
108 2.8184088061157757e17
109 1.0959640388817034e18
110 4.3005096083617434e18
111 1.7027056007554447e19
112 6.801748688826816e19
113 2.741125596162136e20
114 1.114374540952031e21
115 4.5697712140214726e21
116 1.8901073193169756e22
117 7.884523491081666e22
118 3.31688342083136e23
119 1.4070840568391208e24
120 6.018867394856378e24
121 2.5958806636636393e25
122 1.128757603216579e26
123 4.948048478545032e26
124 2.1865339855375654e27
125 9.739568900174298e27
126 4.372774483340346e28
127 1.9787062549428684e29
128 9.023727055076843e29
129 4.147103156762684e30
130 1.92057944708742e31
131 8.962371559605255e31
132 4.213974492959654e32
133 1.9962484163695937e33
134 9.527233101516891e33
135 4.5806243729628e34
136 2.2185271954583655e35
137 1.0823404056022033e36
138 5.318623003191452e36
139 2.632378136454211e37
140 1.3121663766284117e38
141 6.587175615945017e38
142 3.330103542653626e39
143 1.69528665142979e40
144 8.690294689417079e40
145 4.485503038483056e41
146 2.331056034755746e42
147 1.2196608150954782e43
148 6.424663597066552e43
149 3.4069605637406107e44
150 1.8187370041089768e45
151 9.773266166135666e45
152 5.286372615866621e46
153 2.8780973389325624e47
154 1.5771192244340433e48
155 8.697948471919574e48
156 4.82774741006356e49
157 2.696683802149902e50
158 1.5158488122489804e51
159 8.574423656749386e51
160 4.880453797802494e52
161 2.795148786194987e53
162 1.6107292944389296e54
163 9.338921706521984e54
164 5.447676486823624e55
165 3.1970565825316263e56
166 1.8875480227431823e57
167 1.1210856468096347e58
168 6.69818715116145e58
169 4.025670776515162e59
170 2.433698033599806e60
171 1.4798841858367452e61
172 9.051210898617868e61
173 5.567869410291561e62
174 3.444771736846506e63
175 2.143417264026293e64
176 1.3412626818041723e65
177 8.440495317341444e65
178 5.341402298753084e66
179 3.3990875433760493e67
180 2.1750823686629564e68
181 1.3995296465350213e69
182 9.054582265803792e69
183 5.890086661055038e70
184 3.8523795470901603e71
185 2.533248985192616e72
186 1.6747714716381252e73
187 1.1131397120984733e74
188 7.437859210371821e74
189 4.996181684996719e75
190 3.373715465090173e76
191 2.2900593213434098e77
192 1.562576469907519e78
193 1.0717177732850982e79
194 7.38843826224641e79
195 5.119723454180962e80
196 3.565748330962899e81
197 2.4960541887619704e82
198 1.756084413045389e83
199 1.2416919166160296e84
200 8.823655562740639e84
201 6.301424173348404e85
202 4.522449348771977e86
203 3.261692357018872e87
204 2.3639382609565687e88
205 1.7216417136498788e89
206 1.259948227116184e90
207 9.265220544699419e90
208 6.846079236308066e91
209 5.082779090259578e92
210 3.791611669747829e93
211 2.8418425613320403e94
212 2.140030970512732e95
213 1.619102746374715e96
214 1.2307039141520215e97
215 9.398275645343398e97
216 7.210226187310258e98
217 5.557077946104996e99
218 4.302608558525883e100
219 3.34653889446426e101
220 2.6147467623901875e102
221 2.0522214101140023e103
222 1.6179712627072436e104
223 1.281329035815816e105
224 1.0192603941079896e106
225 8.14396066210433e106
226 6.535874703862482e107
227 5.268425842822823e108
228 4.2653902472518675e109
229 3.468399663771311e110
230 2.832590222311699e111
231 2.3233491506504586e112
232 1.9138735932602157e113
233 1.583332262788792e114
234 1.3154761546665172e115
235 1.097584945027604e116
236 9.196651852150079e116
237 7.738380156709862e117
238 6.538700086774456e118
239 5.548124678155303e119
240 4.727231844180809e120
241 4.044510904929426e121
242 3.474690441917413e122
243 2.997435684030795e123
244 2.5963305028989174e124
245 2.258079305254838e125
246 1.971879355723884e126
247 1.7289256005454519e127
248 1.5220188199493238e128
249 1.3452546042399624e129
250 1.1937757400772092e130
251 1.0635744930167174e131
252 9.51334267879668e131
253 8.54302436256976e132
254 7.701879034551668e133
255 6.970783687030823e134
256 6.333733058885068e135
257 5.777295285065313e136
258 5.29016856021231e137
259 4.862819108586671e138
260 4.4871847748833917e139
261 4.156431718964696e140
262 3.864754199998308e141
263 3.6072094171373284e142
264 3.3795809472169835e143
265 3.178265572352291e144
266 3.0001792898462375e145
267 2.8426790965884254e146
268 2.7034977817251376e147
269 2.58068947744744e148
270 2.472584133949198e149
271 2.3777494212032683e150
272 2.294958833207465e151
273 2.223164992462261e152
274 2.1614773337588757e153
275 2.1091434949347744e154
276 2.065533864540211e155
277 2.0301288375327326e156
278 2.0025084143550962e157
279 1.9823438494456603e158
280 1.9693911151480767e159
281 1.9634859984108262e160
282 1.9645406924988564e161
283 1.9725417857887866e162
284 1.987549585974505e163
285 2.0096987518994416e164
286 2.0392002378743297e165
287 2.076344587790498e166
288 2.1215066496332146e167
289 2.175151816191285e168
290 2.23784393596208e169
291 2.310255080682709e170
292 2.3931774039455663e171
293 2.4875373805507763e172
294 2.5944127804453413e173
295 2.7150528064739514e174
296 2.8509019143215585e175
297 3.003627939099593e176
298 3.1751552798190978e177
299 3.367704045136836e178
300 3.5838362469160454e179
301 3.826510349253313e180
302 4.099145748219118e181
303 4.4056990821543503e182
304 4.750754666937552e183
305 5.139631831244605e184
306 5.578512513366086e185
307 6.074593198341175e186
308 6.636266152755127e187
309 7.273335992844681e188
310 7.9972789473971575e189
311 8.82155381014033e190
312 9.761975591857145e191
313 1.0837165374400827e193
314 1.2069092955422576e194
315 1.3483732702955392e195
316 1.511185780104012e196
317 1.699000399901182e197
318 1.9161641378884433e198
319 2.1678601909361203e199
320 2.4602822146736413e200
321 2.8008474990398286e201
322 3.198458269223945e202
323 3.663822636269419e203
324 4.20984963015662e204
325 4.852136426435208e205
326 5.609570538145098e206
327 6.505075661722276e207
328 7.566537392129151e208
329 8.82795461519184e209
330 1.0330874635326071e211
331 1.2126185771548347e212
332 1.4276361250927153e213
333 1.6858274044849546e214
334 1.99667355238199e215
335 2.3718953665734948e216
336 2.826016194162536e217
337 3.377074172875629e218
338 4.047525416958638e219
339 4.865391840135998e220
340 5.865723073053459e221
341 7.092462513270403e222
342 8.600834468028051e223
343 1.046040463966132e225
344 1.2759012556014105e226
345 1.5607835556588242e227
346 1.9147924408521e228
347 2.3558656967608044e229
348 2.906869713127218e230
349 3.5970233225219904e231
350 4.463751850406363e232
351 5.555106764687995e233
352 6.932930540261625e234
353 8.677005536833074e235
354 1.0890505048986462e237
355 1.3707171327876654e238
356 1.7300788971333294e239
357 2.189771584656338e240
358 2.779349572418792e241
359 3.5374931846029583e242
360 4.514948276437844e243
361 5.778449783575082e244
362 7.415970435739138e245
363 9.543758082294566e246
364 1.231579248466376e248
365 1.5936522162442993e249
366 2.0678057806746444e250
367 2.6903434155824185e251
368 3.5098153502829356e252
369 4.591305614487267e253
370 6.022271717205815e254
371 7.920517299392544e255
372 1.0445101503588461e257
373 1.3811300619450636e258
374 1.831117370615671e259
375 2.4341895229762076e260
376 3.244487648303031e261
377 4.3359906357042e262
378 5.810024724112129e263
379 7.80570324142465e264
380 1.0514472630088829e266
381 1.42004257212843e267
382 1.922873298555911e268
383 2.6105525914701528e269
384 3.553397178687145e270
385 4.849329091143069e271
386 6.635035417910803e272
387 9.101764963310199e273
388 1.2517738813435687e275
389 1.7260015556396368e276
390 2.3859901832102178e277
391 3.3067811536267963e278
392 4.594611129334162e279
393 6.400232631710813e280
394 8.938068002389939e281
395 1.2513813002857061e283
396 1.75643065921115e284
397 2.4715246366292033e285
398 3.4864924016125006e286
399 4.930598263958931e287
400 6.99028553124911e288
401 9.935092472135643e289
402 1.4155588360514345e291
403 2.0219028077345146e292
404 2.8951182278369142e293
405 4.1556920948287034e294
406 5.979829700388066e295
407 8.62581308265156e296
408 1.2473100863188824e298
409 1.8080456583735114e299
410 2.6272556633074165e300
411 3.826931541298989e301
412 5.587942186530978e302
413 8.179060547318957e303
414 1.2000593257184772e305
415 1.765010370746991e306
416 NaN
417 NaN
418 NaN
419 NaN
420 NaN
421 NaN
422 NaN
423 NaN
424 NaN
425 NaN
426 NaN
427 NaN
428 NaN
429 NaN
430 NaN
431 NaN
432 NaN
433 NaN
434 NaN
435 NaN
436 NaN
437 NaN
438 NaN
439 NaN
440 NaN
441 NaN
442 NaN
443 NaN
444 NaN
445 NaN
446 NaN
447 NaN
448 NaN
449 NaN
450 NaN
451 NaN
452 NaN
453 NaN
454 NaN
455 NaN
456 NaN
457 NaN
458 NaN
459 NaN
460 NaN
461 NaN
462 NaN
463 NaN
464 NaN
465 NaN
466 NaN
467 NaN
468 NaN
469 NaN
470 NaN
471 NaN
472 NaN
473 NaN
474 NaN
475 NaN
476 NaN
477 NaN
478 NaN
479 NaN
480 NaN
481 NaN
482 NaN
483 NaN
484 NaN
485 NaN
486 NaN
487 NaN
488 NaN
489 NaN
490 NaN
491 NaN
492 NaN
493 NaN
494 NaN
495 NaN
496 NaN
497 NaN
498 NaN
499 NaN
500 NaN
501 NaN
502 NaN
503 NaN
504 NaN
505 NaN
506 NaN
507 NaN
508 NaN
509 NaN
510 NaN
511 NaN
512 NaN
513 NaN
514 NaN
515 NaN
516 NaN
517 NaN
518 NaN
519 NaN
520 NaN
521 NaN
522 NaN
523 NaN
524 NaN
525 NaN
526 NaN
527 NaN
528 NaN
529 NaN
530 NaN
531 NaN
532 NaN
533 NaN
534 NaN
535 NaN
536 NaN
537 NaN
538 NaN
539 NaN
540 NaN
541 NaN
542 NaN
543 NaN
544 NaN
545 NaN
546 NaN
547 NaN
548 NaN
549 NaN
550 NaN
551 NaN
552 NaN
553 NaN
554 NaN
555 NaN
556 NaN
557 NaN
558 NaN
559 NaN
560 NaN
561 NaN
562 NaN
563 NaN
564 NaN
565 NaN
566 NaN
567 NaN
568 NaN
569 NaN
570 NaN
571 NaN
572 NaN
573 NaN
574 NaN
575 NaN
576 NaN
577 NaN
578 NaN
579 NaN
580 NaN
581 NaN
582 NaN
583 NaN
584 NaN
585 NaN
586 NaN
587 NaN
588 NaN
589 NaN
590 NaN
591 NaN
592 NaN
593 NaN
594 NaN
595 NaN
596 NaN
597 NaN
598 NaN
599 NaN
600 NaN
601 NaN
602 NaN
603 NaN
604 NaN
605 NaN
606 NaN
607 NaN
608 NaN
609 NaN
610 NaN
611 NaN
612 NaN
613 NaN
614 NaN
615 NaN
616 NaN
617 NaN
618 NaN
619 NaN
620 NaN
621 NaN
622 NaN
623 NaN
624 NaN
625 NaN
626 NaN
627 NaN
628 NaN
629 NaN
630 NaN
631 NaN
632 NaN
633 NaN
634 NaN
635 NaN
636 NaN
637 NaN
638 NaN
639 NaN
640 NaN
641 NaN
642 NaN
643 NaN
644 NaN
645 NaN
646 NaN
647 NaN
648 NaN
649 NaN
650 NaN
651 NaN
652 NaN
653 NaN
654 NaN
655 NaN
656 NaN
657 NaN
658 NaN
659 NaN
660 NaN
661 NaN
662 NaN
663 NaN
664 NaN
665 NaN
666 NaN
667 NaN
668 NaN
669 NaN
670 NaN
671 NaN
672 NaN
673 NaN
674 NaN
675 NaN
676 NaN
677 NaN
678 NaN
679 NaN
680 NaN
681 NaN
682 NaN
683 NaN
684 NaN
685 NaN
686 NaN
687 NaN
688 NaN
689 NaN
690 NaN
691 NaN
692 NaN
693 NaN
694 NaN
695 NaN
696 NaN
697 NaN
698 NaN
699 NaN
700 NaN
701 NaN
702 NaN
703 NaN
704 NaN
705 NaN
706 NaN
707 NaN
708 NaN
709 NaN
710 NaN
711 NaN
712 NaN
713 NaN
714 NaN
715 NaN
716 NaN
717 NaN
718 NaN
719 NaN
720 NaN
721 NaN
722 NaN
723 NaN
724 NaN
725 NaN
726 NaN
727 NaN
728 NaN
729 NaN
730 NaN
731 NaN
732 NaN
733 NaN
734 NaN
735 NaN
736 NaN
737 NaN
738 NaN
739 NaN
740 NaN
741 NaN
742 NaN
743 NaN
744 NaN
745 NaN
746 NaN
747 NaN
748 NaN
749 NaN
750 NaN
751 NaN
752 NaN
753 NaN
754 NaN
755 NaN
756 NaN
757 NaN
758 NaN
759 NaN
760 NaN
761 NaN
762 NaN
763 NaN
764 NaN
765 NaN
766 NaN
767 NaN
768 NaN
769 NaN
770 NaN
771 NaN
772 NaN
773 NaN
774 NaN
775 NaN
776 NaN
777 NaN
778 NaN
779 NaN
780 NaN
781 NaN
782 NaN
783 NaN
784 NaN
785 NaN
786 NaN
787 NaN
788 NaN
789 NaN
790 NaN
791 NaN
792 NaN
793 NaN
794 NaN
795 NaN
796 NaN
797 NaN
798 NaN
799 NaN
800 NaN
801 NaN
802 NaN
803 NaN
804 NaN
805 NaN
806 NaN
807 NaN
808 NaN
809 NaN
810 NaN
811 NaN
812 NaN
813 NaN
814 NaN
815 NaN
816 NaN
817 NaN
818 NaN
819 NaN
820 NaN
821 NaN
822 NaN
823 NaN
824 NaN
825 NaN
826 NaN
827 NaN
828 NaN
829 NaN
830 NaN
831 NaN
832 NaN
833 NaN
834 NaN
835 NaN
836 NaN
837 NaN
838 NaN
839 NaN
840 NaN
841 NaN
842 NaN
843 NaN
844 NaN
845 NaN
846 NaN
847 NaN
848 NaN
849 NaN
850 NaN
851 NaN
852 NaN
853 NaN
854 NaN
855 NaN
856 NaN
857 NaN
858 NaN
859 NaN
860 NaN
861 NaN
862 NaN
863 NaN
864 NaN
865 NaN
866 NaN
867 NaN
868 NaN
869 NaN
870 NaN
871 NaN
872 NaN
873 NaN
874 NaN
875 NaN
876 NaN
877 NaN
878 NaN
879 NaN
880 NaN
881 NaN
882 NaN
883 NaN
884 NaN
885 NaN
886 NaN
887 NaN
888 NaN
889 NaN
890 NaN
891 NaN
892 NaN
893 NaN
894 NaN
895 NaN
896 NaN
897 NaN
898 NaN
899 NaN
900 NaN
901 NaN
902 NaN
903 NaN
904 NaN
905 NaN
906 NaN
907 NaN
908 NaN
909 NaN
910 NaN
911 NaN
912 NaN
913 NaN
914 NaN
915 NaN
916 NaN
917 NaN
918 NaN
919 NaN
920 NaN
921 NaN
922 NaN
923 NaN
924 NaN
925 NaN
926 NaN
927 NaN
928 NaN
929 NaN
930 NaN
931 NaN
932 NaN
933 NaN
934 NaN
935 NaN
936 NaN
937 NaN
938 NaN
939 NaN
940 NaN
941 NaN
942 NaN
943 NaN
944 NaN
945 NaN
946 NaN
947 NaN
948 NaN
949 NaN
950 NaN
951 NaN
952 NaN
953 NaN
954 NaN
955 NaN
956 NaN
957 NaN
958 NaN
959 NaN
960 NaN
961 NaN
962 NaN
963 NaN
964 NaN
965 NaN
966 NaN
967 NaN
968 NaN
969 NaN
970 NaN
971 NaN
972 NaN
973 NaN
974 NaN
975 NaN
976 NaN
977 NaN
978 NaN
979 NaN
980 NaN
981 NaN
982 NaN
983 NaN
984 NaN
985 NaN
986 NaN
987 NaN
988 NaN
989 NaN
990 NaN
991 NaN
992 NaN
993 NaN
994 NaN
995 NaN
996 NaN
997 NaN
998 NaN
999 NaN
1000 NaN
